#q*Aangstroem	C14_ESRF_ID01 (4200 mm)*cm*sr	stddev*cm*sr
0.0032397	61.436	0.89411
0.0032942	60.047	0.25514
0.0033486	60.513	0.20127
0.0034031	60.390	0.16253
0.0034575	59.972	0.14921
0.0035120	59.491	0.13802
0.0035664	59.009	0.12472
0.0036209	58.785	0.11529
0.0036753	57.846	0.10088
0.0037298	57.103	0.086084
0.0037842	56.829	0.080828
0.0038387	56.554	0.076017
0.0038931	56.182	0.071001
0.0039476	55.799	0.066048
0.0040020	55.496	0.062528
0.0040565	55.027	0.058400
0.0041109	54.753	0.054697
0.0041654	54.357	0.052777
0.0042198	53.952	0.050998
0.0042743	53.645	0.049078
0.0043287	53.388	0.047833
0.0043832	53.165	0.046556
0.0044376	52.900	0.044916
0.0044921	52.614	0.043859
0.0045465	52.316	0.043112
0.0046010	52.075	0.042191
0.0046554	51.779	0.041431
0.0047099	51.541	0.040623
0.0047643	51.340	0.039968
0.0048188	51.188	0.039327
0.0048732	51.021	0.038704
0.0049277	50.846	0.038117
0.0049821	50.633	0.037497
0.0050366	50.461	0.036867
0.0050910	50.333	0.036428
0.0051455	50.192	0.035775
0.0051999	50.069	0.035281
0.0052544	49.909	0.034805
0.0053088	49.764	0.034555
0.0053633	49.622	0.034078
0.0054177	49.423	0.033752
0.0054722	49.277	0.033263
0.0055266	49.170	0.032867
0.0055810	49.067	0.032462
0.0056355	48.961	0.032107
0.0056899	48.872	0.031560
0.0057444	48.783	0.031186
0.0057988	48.705	0.030704
0.0058533	48.646	0.030352
0.0059077	48.555	0.030051
0.0059622	48.434	0.029728
0.0060166	48.313	0.029340
0.0060711	48.179	0.029030
0.0061255	48.061	0.028767
0.0061800	48.005	0.028478
0.0062344	47.976	0.028145
0.0062889	47.883	0.028121
0.0063433	47.784	0.027670
0.0063978	47.726	0.027361
0.0064522	47.662	0.027095
0.0065067	47.567	0.026929
0.0065612	47.492	0.026710
0.0066156	47.430	0.026399
0.0066700	47.350	0.026178
0.0067245	47.305	0.025947
0.0067789	47.282	0.025729
0.0068334	47.232	0.025703
0.0068878	47.175	0.025408
0.0069423	47.093	0.025114
0.0069967	46.997	0.024892
0.0070512	46.930	0.024708
0.0071057	46.866	0.024703
0.0071601	46.815	0.024482
0.0072145	46.779	0.024283
0.0072690	46.700	0.024057
0.0073234	46.646	0.023835
0.0073778	46.620	0.023665
0.0074323	46.581	0.023621
0.0074868	46.509	0.023481
0.0075412	46.449	0.023253
0.0075957	46.413	0.023058
0.0076501	46.381	0.022917
0.0077046	46.358	0.022749
0.0077590	46.330	0.022706
0.0078135	46.288	0.022450
0.0078679	46.237	0.022370
0.0079223	46.158	0.022170
0.0079768	46.123	0.022008
0.0080312	46.098	0.021926
0.0080857	46.093	0.021796
0.0081402	46.056	0.021669
0.0081946	45.972	0.021527
0.0082491	45.897	0.021362
0.0083035	45.851	0.021242
0.0083580	45.803	0.021225
0.0084124	45.782	0.021053
0.0084668	45.743	0.020941
0.0085213	45.707	0.020802
0.0085757	45.703	0.020777
0.0086302	45.704	0.020655
0.0086846	45.677	0.020559
0.0087391	45.624	0.020422
0.0087936	45.573	0.020306
0.0088480	45.531	0.020192
0.0089025	45.492	0.020167
0.0089569	45.426	0.020086
0.0090113	45.383	0.019972
0.0090658	45.364	0.019824
0.0091202	45.342	0.019724
0.0091747	45.307	0.019635
0.0092291	45.249	0.019556
0.0092836	45.183	0.019555
0.0093380	45.151	0.019765
0.0093925	45.157	0.019944
0.0094470	45.171	0.020113
0.0095014	45.173	0.020012
0.0095558	45.149	0.020191
0.0096103	45.107	0.019978
0.0096647	45.088	0.019923
0.0097191	45.084	0.019920
0.0097736	45.071	0.019915
0.0098281	45.059	0.019919
0.0098825	45.009	0.019862
0.0099370	44.946	0.020279
0.0099914	44.904	0.020070
0.010046	44.877	0.019791
0.010100	44.867	0.019725
0.010155	44.855	0.020066
0.010209	44.833	0.019902
0.010264	44.796	0.019736
0.010318	44.753	0.020066
0.010373	44.729	0.019629
0.010427	44.679	0.019835
0.010481	44.630	0.019765
0.010536	44.591	0.019590
0.010590	44.559	0.019772
0.010645	44.529	0.019460
0.010699	44.503	0.019648
0.010754	44.472	0.019339
0.010808	44.443	0.019573
0.010863	44.423	0.019278
0.010917	44.412	0.019461
0.010972	44.425	0.019225
0.011026	44.442	0.019254
0.011080	44.415	0.019340
0.011135	44.375	0.019289
0.011189	44.313	0.019324
0.011244	44.287	0.019214
0.011298	44.272	0.019369
0.011353	44.240	0.019026
0.011407	44.194	0.019021
0.011462	44.171	0.019390
0.011516	44.179	0.018964
0.011570	44.173	0.018930
0.011625	44.166	0.018826
0.011679	44.135	0.018803
0.011734	44.089	0.018907
0.011788	44.062	0.018703
0.011843	44.035	0.018682
0.011897	44.016	0.018954
0.011952	43.997	0.018708
0.012006	44.004	0.018673
0.012060	43.992	0.018794
0.012115	43.979	0.018596
0.012169	43.959	0.018525
0.012224	43.901	0.018527
0.012278	43.843	0.018933
0.012333	43.810	0.018463
0.012387	43.819	0.018449
0.012442	43.848	0.018572
0.012496	43.860	0.018436
0.012551	43.859	0.018380
0.012605	43.830	0.018352
0.012659	43.776	0.018568
0.012714	43.754	0.018192
0.012768	43.745	0.018170
0.012823	43.709	0.018384
0.012877	43.674	0.018451
0.012932	43.640	0.018182
0.012986	43.599	0.018180
0.013041	43.598	0.018146
0.013095	43.608	0.018207
0.013149	43.611	0.017955
0.013204	43.579	0.017951
0.013258	43.542	0.018125
0.013313	43.529	0.017968
0.013367	43.523	0.017814
0.013422	43.497	0.017807
0.013476	43.453	0.018110
0.013531	43.438	0.017903
0.013585	43.415	0.018037
0.013639	43.418	0.017672
0.013694	43.425	0.017910
0.013748	43.395	0.017931
0.013803	43.366	0.017792
0.013857	43.334	0.017652
0.013912	43.302	0.017658
0.013966	43.278	0.017593
0.014021	43.271	0.017706
0.014075	43.283	0.017724
0.014130	43.250	0.017541
0.014184	43.200	0.017490
0.014238	43.185	0.017383
0.014293	43.183	0.017455
0.014347	43.163	0.017349
0.014402	43.154	0.017718
0.014456	43.167	0.017454
0.014511	43.128	0.017375
0.014565	43.084	0.017351
0.014620	43.066	0.017461
0.014674	43.050	0.017344
0.014728	43.025	0.017118
0.014783	43.003	0.017075
0.014837	42.983	0.017074
0.014892	42.985	0.017275
0.014946	42.965	0.017324
0.015001	42.951	0.017162
0.015055	42.985	0.017035
0.015110	42.986	0.017302
0.015164	42.958	0.017238
0.015219	42.930	0.017133
0.015273	42.902	0.017115
0.015327	42.873	0.016971
0.015382	42.850	0.017016
0.015436	42.829	0.016788
0.015491	42.835	0.016779
0.015545	42.844	0.016753
0.015600	42.821	0.016769
0.015654	42.791	0.016909
0.015709	42.765	0.016787
0.015763	42.733	0.016901
0.015817	42.691	0.016577
0.015872	42.670	0.016545
0.015926	42.658	0.016529
0.015981	42.648	0.016553
0.016035	42.641	0.016693
0.016090	42.614	0.016739
0.016144	42.567	0.016819
0.016199	42.549	0.016527
0.016253	42.544	0.016347
0.016307	42.545	0.016341
0.016362	42.515	0.016345
0.016416	42.490	0.016430
0.016471	42.474	0.016605
0.016525	42.445	0.016631
0.016580	42.448	0.016397
0.016634	42.450	0.016360
0.016689	42.439	0.016231
0.016743	42.430	0.016211
0.016798	42.430	0.016219
0.016852	42.408	0.016291
0.016906	42.390	0.016414
0.016961	42.379	0.016186
0.017015	42.358	0.016062
0.017070	42.318	0.016031
0.017124	42.301	0.016009
0.017179	42.289	0.015980
0.017233	42.272	0.015982
0.017288	42.253	0.015985
0.017342	42.253	0.016092
0.017396	42.248	0.015926
0.017451	42.244	0.016008
0.017505	42.231	0.015796
0.017560	42.203	0.015777
0.017614	42.171	0.015750
0.017669	42.138	0.015739
0.017723	42.142	0.015751
0.017778	42.129	0.015757
0.017832	42.095	0.015973
0.017886	42.061	0.015821
0.017941	42.044	0.015812
0.017995	42.055	0.015643
0.018050	42.048	0.015618
0.018104	42.021	0.015604
0.018159	42.003	0.015587
0.018213	41.961	0.015564
0.018268	41.912	0.015570
0.018322	41.902	0.015548
0.018376	41.915	0.015934
0.018431	41.923	0.015694
0.018485	41.905	0.015707
0.018540	41.905	0.015530
0.018594	41.899	0.015514
0.018649	41.890	0.015424
0.018703	41.867	0.015416
0.018758	41.813	0.015422
0.018812	41.780	0.015477
0.018867	41.758	0.015592
0.018921	41.720	0.015311
0.018975	41.698	0.015310
0.019030	41.690	0.015402
0.019084	41.685	0.015428
0.019139	41.677	0.015168
0.019193	41.666	0.015151
0.019248	41.646	0.015147
0.019302	41.627	0.015127
0.019357	41.611	0.015130
0.019411	41.603	0.015148
0.019465	41.584	0.015266
0.019520	41.559	0.015366
0.019574	41.556	0.015213
0.019629	41.554	0.015202
0.019683	41.544	0.015278
0.019738	41.530	0.015096
0.019792	41.516	0.015083
0.019847	41.501	0.015060
0.019901	41.497	0.015053
0.019955	41.495	0.015046
0.020010	41.481	0.014979
0.020064	41.469	0.014988
0.020119	41.462	0.015080
0.020173	41.450	0.014831
0.020228	41.437	0.014831
0.020282	41.402	0.014826
0.020337	41.369	0.014896
0.020391	41.364	0.015006
0.020446	41.342	0.014698
0.020500	41.318	0.014683
0.020554	41.303	0.014671
0.020609	41.297	0.014663
0.020663	41.282	0.014658
0.020718	41.252	0.014659
0.020772	41.245	0.014671
0.020827	41.244	0.014747
0.020881	41.218	0.015254
0.020936	41.198	0.014795
0.020990	41.196	0.014561
0.021044	41.186	0.014641
0.021099	41.156	0.014713
0.021153	41.134	0.014443
0.021208	41.127	0.014700
0.021262	41.118	0.014612
0.021317	41.102	0.014562
0.021371	41.063	0.014549
0.021426	41.033	0.014600
0.021480	41.040	0.014701
0.021534	41.055	0.014640
0.021589	41.056	0.014675
0.021643	41.035	0.014797
0.021698	41.003	0.014578
0.021752	40.967	0.014646
0.021807	40.951	0.014460
0.021861	40.958	0.014404
0.021916	40.945	0.014385
0.021970	40.923	0.014367
0.022025	40.907	0.014447
0.022079	40.896	0.014420
0.022133	40.890	0.014418
0.022188	40.872	0.014517
0.022242	40.848	0.014507
0.022297	40.831	0.014442
0.022351	40.806	0.014430
0.022406	40.794	0.014453
0.022460	40.791	0.014601
0.022515	40.773	0.014384
0.022569	40.746	0.014369
0.022623	40.739	0.014463
0.022678	40.717	0.014114
0.022732	40.717	0.014044
0.022787	40.723	0.014031
0.022841	40.709	0.013987
0.022896	40.698	0.013971
0.022950	40.682	0.013951
0.023005	40.659	0.013943
0.023059	40.652	0.013935
0.023113	40.650	0.013929
0.023168	40.645	0.013921
0.023222	40.628	0.013949
0.023277	40.608	0.013940
0.023331	40.618	0.014070
0.023386	40.618	0.014097
0.023440	40.589	0.013844
0.023495	40.557	0.013910
0.023549	40.537	0.014027
0.023603	40.525	0.013689
0.023658	40.515	0.013671
0.023712	40.506	0.013659
0.023767	40.487	0.013648
0.023821	40.458	0.013638
0.023876	40.450	0.013623
0.023930	40.451	0.013617
0.023985	40.447	0.013606
0.024039	40.433	0.013589
0.024094	40.423	0.013593
0.024148	40.423	0.013591
0.024202	40.418	0.013624
0.024257	40.399	0.013617
0.024311	40.379	0.013724
0.024366	40.363	0.013742
0.024420	40.360	0.013903
0.024475	40.347	0.013845
0.024529	40.318	0.013432
0.024584	40.290	0.013416
0.024638	40.282	0.013404
0.024692	40.277	0.013392
0.024747	40.266	0.013381
0.024801	40.250	0.013366
0.024856	40.226	0.013366
0.024910	40.205	0.013351
0.024965	40.181	0.013345
0.025019	40.165	0.013352
0.025074	40.154	0.013350
0.025128	40.147	0.013353
0.025182	40.146	0.013385
0.025237	40.147	0.013400
0.025291	40.130	0.013533
0.025346	40.078	0.013765
0.025400	40.064	0.013521
0.025455	40.053	0.013607
0.025509	40.041	0.013682
0.025564	40.049	0.013373
0.025618	40.058	0.013364
0.025672	40.059	0.013353
0.025727	40.057	0.013338
0.025781	40.036	0.013233
0.025836	40.014	0.013220
0.025890	39.987	0.013190
0.025945	39.970	0.013125
0.025999	39.947	0.013109
0.026054	39.936	0.013107
0.026108	39.918	0.013502
0.026162	39.922	0.013386
0.026217	39.906	0.013428
0.026271	39.891	0.013090
0.026326	39.866	0.013119
0.026380	39.868	0.013120
0.026435	39.859	0.013512
0.026489	39.855	0.013538
0.026544	39.848	0.013500
0.026598	39.832	0.013655
0.026653	39.809	0.013310
0.026707	39.795	0.013344
0.026761	39.783	0.013424
0.026816	39.745	0.012930
0.026870	39.708	0.012894
0.026925	39.695	0.012883
0.026979	39.694	0.012868
0.027034	39.697	0.012826
0.027088	39.683	0.012811
0.027143	39.663	0.012793
0.027197	39.647	0.012789
0.027251	39.648	0.012784
0.027306	39.651	0.012779
0.027360	39.645	0.012769
0.027415	39.642	0.012756
0.027469	39.619	0.012749
0.027524	39.593	0.012760
0.027578	39.586	0.012758
0.027633	39.575	0.013085
0.027687	39.572	0.013052
0.027741	39.561	0.013059
0.027796	39.536	0.013254
0.027850	39.515	0.013233
0.027905	39.502	0.013404
0.027959	39.499	0.012801
0.028014	39.497	0.012770
0.028068	39.496	0.012751
0.028123	39.489	0.012752
0.028177	39.478	0.012734
0.028231	39.455	0.012720
0.028286	39.433	0.012613
0.028340	39.432	0.012559
0.028395	39.424	0.012554
0.028449	39.388	0.012537
0.028504	39.375	0.012526
0.028558	39.379	0.012523
0.028613	39.378	0.012513
0.028667	39.367	0.012503
0.028722	39.354	0.012500
0.028776	39.343	0.012491
0.028830	39.338	0.012502
0.028885	39.333	0.012490
0.028939	39.312	0.012486
0.028994	39.280	0.012908
0.029048	39.276	0.012584
0.029103	39.280	0.012490
0.029157	39.289	0.012498
0.029211	39.274	0.012486
0.029266	39.257	0.012527
0.029320	39.236	0.012714
0.029375	39.223	0.012756
0.029429	39.208	0.012649
0.029484	39.200	0.012201
0.029538	39.199	0.012182
0.029593	39.201	0.012175
0.029647	39.207	0.012165
0.029701	39.188	0.012153
0.029756	39.154	0.012146
0.029810	39.134	0.012134
0.029865	39.125	0.012124
0.029919	39.109	0.012114
0.029974	39.090	0.012098
0.030028	39.078	0.012097
0.030083	39.083	0.012120
0.030137	39.077	0.012240
0.030192	39.054	0.012385
0.030246	39.037	0.013501
0.030300	39.030	0.012422
0.030355	39.014	0.013377
0.030409	39.008	0.012725
0.030464	38.988	0.012739
0.030518	38.979	0.012625
0.030573	38.957	0.012827
0.030627	38.926	0.012728
0.030682	38.912	0.013124
0.030736	38.922	0.012864
0.030790	38.927	0.013533
0.030845	38.897	0.012892
0.030899	38.880	0.013229
0.030954	38.866	0.013292
0.031008	38.873	0.012955
0.031063	38.874	0.012912
0.031117	38.879	0.012902
0.031172	38.869	0.013062
0.031226	38.832	0.013519
0.031280	38.812	0.013219
0.031335	38.801	0.013698
0.031389	38.794	0.013196
0.031444	38.801	0.013228
0.031498	38.782	0.013727
0.031553	38.759	0.013202
0.031607	38.758	0.013230
0.031662	38.760	0.013422
0.031716	38.758	0.013212
0.031770	38.731	0.013852
0.031825	38.748	0.013329
0.031879	38.737	0.013262
0.031934	38.729	0.013122
0.031988	38.704	0.013063
0.032043	38.676	0.013257
0.032097	38.654	0.013029
0.032152	38.662	0.013051
0.032206	38.653	0.013616
0.032260	38.628	0.013942
0.032315	38.628	0.013410
0.032369	38.599	0.013365
0.032424	38.569	0.013412
0.032478	38.564	0.013850
0.032533	38.567	0.013691
0.032587	38.565	0.013733
0.032642	38.546	0.013792
0.032696	38.519	0.013777
0.032750	38.509	0.013644
0.032805	38.510	0.013898
0.032859	38.519	0.013221
0.032914	38.518	0.013284
0.032968	38.495	0.013598
0.033023	38.482	0.013044
0.033077	38.470	0.013033
0.033132	38.454	0.013033
0.033186	38.443	0.013092
0.033241	38.442	0.013001
0.033295	38.451	0.013059
0.033349	38.437	0.013064
0.033404	38.422	0.013040
0.033458	38.411	0.013069
0.033513	38.400	0.013594
0.033567	38.380	0.012956
0.033622	38.378	0.012958
0.033676	38.378	0.012977
0.033731	38.368	0.012987
0.033785	38.358	0.013283
0.033839	38.338	0.012893
0.033894	38.318	0.012886
0.033948	38.310	0.012899
0.034003	38.312	0.012912
0.034057	38.303	0.012974
0.034112	38.279	0.013505
0.034166	38.270	0.012895
0.034220	38.281	0.012881
0.034275	38.278	0.012889
0.034329	38.266	0.012918
0.034384	38.256	0.013024
0.034438	38.251	0.013596
0.034493	38.224	0.012886
0.034547	38.200	0.012895
0.034602	38.196	0.012947
0.034656	38.198	0.012969
0.034711	38.173	0.013059
0.034765	38.167	0.013614
0.034819	38.172	0.013127
0.034874	38.172	0.013223
0.034928	38.163	0.013474
0.034983	38.153	0.012763
0.035037	38.153	0.012788
0.035092	38.136	0.012905
0.035146	38.108	0.012720
0.035201	38.074	0.012709
0.035255	38.056	0.012692
0.035309	38.073	0.012698
0.035364	38.084	0.012716
0.035418	38.063	0.012737
0.035473	38.034	0.012861
0.035527	38.032	0.012668
0.035582	38.026	0.012661
0.035636	38.011	0.012650
0.035691	38.011	0.012655
0.035745	38.011	0.012657
0.035799	38.003	0.012697
0.035854	37.988	0.012802
0.035908	37.974	0.013280
0.035963	37.973	0.012647
0.036017	37.957	0.012649
0.036072	37.954	0.012679
0.036126	37.962	0.012742
0.036181	37.945	0.013112
0.036235	37.923	0.012628
0.036289	37.916	0.012630
0.036344	37.911	0.012642
0.036398	37.912	0.012696
0.036453	37.919	0.013131
0.036507	37.919	0.012637
0.036562	37.906	0.012691
0.036616	37.875	0.013062
0.036670	37.855	0.012597
0.036725	37.867	0.012600
0.036779	37.874	0.012691
0.036834	37.881	0.013007
0.036888	37.873	0.012599
0.036943	37.850	0.012630
0.036997	37.825	0.012679
0.037052	37.814	0.012825
0.037106	37.811	0.012635
0.037161	37.817	0.012837
0.037215	37.828	0.012586
0.037269	37.807	0.012585
0.037324	37.778	0.012590
0.037378	37.756	0.012640
0.037433	37.729	0.012683
0.037487	37.730	0.012950
0.037542	37.752	0.013781
0.037596	37.793	0.013001
0.037651	37.804	0.012974
0.037705	37.798	0.013084
0.037759	37.784	0.013332
0.037814	37.773	0.013660
0.037868	37.782	0.013353
0.037923	37.765	0.013307
0.037977	37.747	0.013477
0.038032	37.725	0.013475
0.038086	37.728	0.013388
0.038141	37.732	0.013258
0.038195	37.728	0.013462
0.038249	37.722	0.013342
0.038304	37.737	0.013687
0.038358	37.720	0.013331
0.038413	37.678	0.013394
0.038467	37.666	0.013596
0.038522	37.669	0.014553
0.038576	37.678	0.013903
0.038631	37.680	0.013734
0.038685	37.666	0.013342
0.038739	37.660	0.013382
0.038794	37.667	0.013574
0.038848	37.672	0.014243
0.038903	37.654	0.013424
0.038957	37.641	0.013526
0.039012	37.627	0.013844
0.039066	37.609	0.013560
0.039120	37.599	0.013795
0.039175	37.599	0.014875
0.039229	37.597	0.013447
0.039284	37.590	0.013461
0.039338	37.588	0.013493
0.039393	37.589	0.013692
0.039447	37.585	0.013916
0.039502	37.567	0.013527
0.039556	37.557	0.013592
0.039611	37.571	0.013796
0.039665	37.575	0.014531
0.039719	37.566	0.014120
0.039774	37.570	0.013555
0.039828	37.569	0.013643
0.039883	37.570	0.013830
0.039937	37.566	0.014678
0.039992	37.552	0.013566
0.040046	37.523	0.013625
0.040100	37.499	0.013719
0.040155	37.500	0.013975
0.040209	37.514	0.013675
0.040264	37.517	0.013751
0.040318	37.511	0.013956
0.040373	37.491	0.014727
0.040427	37.474	0.014633
0.040482	37.471	0.013609
0.040536	37.473	0.013630
0.040591	37.444	0.013659
0.040645	37.430	0.013699
0.040699	37.427	0.014116
0.040754	37.435	0.014534
0.040808	37.444	0.013709
0.040863	37.442	0.013771
0.040917	37.435	0.013893
0.040972	37.417	0.014151
0.041026	37.401	0.015782
0.041080	37.417	0.015029
0.041135	37.406	0.013680
0.041189	37.391	0.013734
0.041244	37.389	0.013992
0.041298	37.397	0.015027
0.041353	37.390	0.013745
0.041407	37.388	0.013753
0.041462	37.366	0.013764
0.041516	37.340	0.013799
0.041570	37.316	0.013930
0.041625	37.308	0.014150
0.041679	37.316	0.014668
0.041734	37.311	0.014565
0.041788	37.304	0.013724
0.041843	37.290	0.013735
0.041897	37.282	0.013759
0.041952	37.288	0.013809
0.042006	37.294	0.013925
0.042060	37.287	0.015018
0.042115	37.288	0.015074
0.042169	37.282	0.013815
0.042224	37.270	0.013858
0.042278	37.269	0.013934
0.042333	37.263	0.014081
0.042387	37.268	0.014722
0.042442	37.265	0.014426
0.042496	37.248	0.014984
0.042550	37.234	0.013784
0.042605	37.221	0.013796
0.042659	37.218	0.013819
0.042714	37.222	0.013877
0.042768	37.217	0.013964
0.042823	37.225	0.014223
0.042877	37.222	0.014332
0.042932	37.216	0.013939
0.042986	37.189	0.014022
0.043040	37.158	0.014196
0.043095	37.169	0.014784
0.043149	37.193	0.013904
0.043204	37.193	0.014003
0.043258	37.176	0.014354
0.043313	37.167	0.014789
0.043367	37.163	0.013848
0.043422	37.162	0.013862
0.043476	37.154	0.013883
0.043530	37.148	0.013916
0.043585	37.126	0.013971
0.043639	37.091	0.014075
0.043694	37.070	0.014352
0.043748	37.077	0.015555
0.043803	37.104	0.014115
0.043857	37.102	0.014339
0.043911	37.105	0.015252
0.043966	37.122	0.013911
0.044020	37.123	0.013934
0.044075	37.100	0.013988
0.044129	37.087	0.014119
0.044184	37.055	0.014641
0.044238	37.026	0.015118
0.044293	37.027	0.013901
0.044347	37.043	0.013922
0.044402	37.045	0.013950
0.044456	37.030	0.013992
0.044510	37.015	0.014159
0.044565	37.002	0.015284
0.044619	36.997	0.014150
0.044674	37.004	0.014330
0.044728	37.009	0.014845
0.044783	36.995	0.013922
0.044837	36.983	0.013918
0.044891	36.985	0.013925
0.044946	36.992	0.013946
0.045000	36.986	0.013974
0.045055	36.978	0.014040
0.045109	36.975	0.014109
0.045164	36.959	0.014234
0.045218	36.954	0.015300
0.045273	36.941	0.013973
0.045327	36.927	0.013996
0.045381	36.926	0.014033
0.045436	36.927	0.014091
0.045490	36.932	0.014190
0.045545	36.921	0.014383
0.045599	36.928	0.014925
0.045654	36.931	0.015853
0.045708	36.909	0.014361
0.045763	36.883	0.015353
0.045817	36.879	0.013944
0.045871	36.880	0.013954
0.045926	36.868	0.013967
0.045980	36.864	0.013977
0.046035	36.851	0.013998
0.046089	36.858	0.014032
0.046144	36.869	0.014077
0.046198	36.870	0.014127
0.046253	36.881	0.014319
0.046307	36.894	0.015532
0.046361	36.892	0.015218
0.046416	36.862	0.014205
0.046470	36.840	0.014376
0.046525	36.847	0.014518
0.046579	36.852	0.015311
0.046634	36.856	0.014016
0.046688	36.857	0.014042
0.046742	36.848	0.014105
0.046797	36.844	0.014191
0.046851	36.842	0.014293
0.046906	36.832	0.014777
0.046960	36.813	0.015128
0.047015	36.795	0.014012
0.047069	36.777	0.014025
0.047124	36.786	0.014041
0.047178	36.796	0.014069
0.047232	36.793	0.014104
0.047287	36.789	0.014159
0.047341	36.786	0.014263
0.047396	36.767	0.014319
0.047450	36.753	0.014513
0.047505	36.760	0.014823
0.047559	36.781	0.016339
0.047614	36.794	0.015841
0.047668	36.771	0.014018
0.047722	36.744	0.014020
0.047777	36.749	0.014030
0.047831	36.745	0.014035
0.047886	36.729	0.014055
0.047940	36.719	0.014079
0.047995	36.715	0.014133
0.048049	36.717	0.014168
0.048104	36.714	0.014263
0.048158	36.709	0.014629
0.048212	36.711	0.014755
0.048267	36.713	0.015499
0.048321	36.711	0.014167
0.048376	36.703	0.014220
0.048430	36.702	0.014290
0.048485	36.703	0.014382
0.048539	36.702	0.014544
0.048593	36.687	0.015125
0.048648	36.665	0.016127
0.048702	36.655	0.014133
0.048757	36.650	0.014194
0.048811	36.652	0.014371
0.048866	36.649	0.014413
0.048920	36.629	0.015460
0.048975	36.621	0.015788
0.049029	36.630	0.014066
0.049083	36.634	0.014070
0.049138	36.627	0.014084
0.049192	36.622	0.014097
0.049247	36.617	0.014119
0.049301	36.610	0.014160
0.049356	36.598	0.014205
0.049410	36.588	0.014219
0.049465	36.582	0.014318
0.049519	36.583	0.014448
0.049573	36.579	0.014700
0.049628	36.565	0.015939
0.049682	36.576	0.014671
0.049737	36.599	0.015357
0.049791	36.587	0.014073
0.049846	36.568	0.014075
0.049900	36.571	0.014081
0.049955	36.568	0.014085
0.050009	36.564	0.014103
0.050063	36.585	0.014125
0.050118	36.584	0.014153
0.050172	36.536	0.014190
0.050227	36.445	0.014155
0.050281	36.482	0.014281
0.050336	36.520	0.014462
0.050390	36.519	0.014852
0.050444	36.522	0.016408
0.050499	36.534	0.014163
0.050553	36.531	0.014184
0.050608	36.530	0.014233
0.050662	36.524	0.014257
0.050717	36.518	0.014326
0.050771	36.514	0.014464
0.050826	36.513	0.014742
0.050880	36.493	0.014958
0.050934	36.492	0.015820
0.050989	36.495	0.014209
0.051043	36.487	0.014252
0.051098	36.494	0.014339
0.051152	36.496	0.014512
0.051207	36.507	0.014975
0.051261	36.493	0.014115
0.051316	36.481	0.014114
0.051370	36.464	0.014112
0.051424	36.471	0.014122
0.051479	36.478	0.014140
0.051533	36.464	0.014147
0.051588	36.447	0.014161
0.051642	36.444	0.014184
0.051697	36.462	0.014225
0.051751	36.458	0.014254
0.051805	36.454	0.014326
0.051860	36.456	0.014411
0.051914	36.435	0.014549
0.051969	36.420	0.014699
0.052023	36.422	0.014798
0.052078	36.418	0.015352
0.052132	36.393	0.016099
0.052187	36.368	0.015607
0.052241	36.388	0.014114
0.052295	36.401	0.014126
0.052350	36.416	0.014131
0.052404	36.425	0.014141
0.052459	36.421	0.014152
0.052513	36.398	0.014157
0.052568	36.401	0.014174
0.052622	36.412	0.014200
0.052677	36.405	0.014225
0.052731	36.400	0.014265
0.052785	36.403	0.014354
0.052840	36.392	0.016313
0.052894	36.384	0.014188
0.052949	36.376	0.014193
0.053003	36.366	0.014210
0.053058	36.368	0.016477
0.053112	36.354	0.014252
0.053166	36.334	0.014263
0.053221	36.341	0.014313
0.053275	36.351	0.014385
0.053330	36.353	0.014443
0.053384	36.347	0.014570
0.053439	36.340	0.014790
0.053493	36.326	0.015514
0.053548	36.324	0.016298
0.053602	36.335	0.014211
0.053656	36.335	0.014241
0.053711	36.331	0.015048
0.053765	36.221	0.015319
0.053820	36.301	0.015311
0.053874	36.335	0.021066
0.053929	36.322	0.017930
0.053983	36.330	0.020296
0.054037	36.341	0.019119
0.054092	36.335	0.017561
0.054146	36.317	0.015916
0.054201	36.300	0.016493
0.054255	36.323	0.017458
0.054310	36.328	0.016400
0.054364	36.317	0.017448
0.054419	36.338	0.016561
0.054473	36.345	0.017143
0.054527	36.352	0.017679
0.054582	36.338	0.017081
0.054636	36.324	0.017842
0.054691	36.309	0.019825
0.054745	36.314	0.018548
0.054800	36.319	0.018524
0.054854	36.331	0.019810
0.054909	36.314	0.023486
0.054963	36.293	0.020523
0.055017	36.303	0.017607
0.055072	36.292	0.018378
0.055126	36.289	0.019490
0.055181	36.306	0.017778
0.055235	36.305	0.018001
0.055290	36.304	0.018391
0.055344	36.302	0.019908
0.055398	36.294	0.022443
0.055453	36.304	0.018349
0.055507	36.300	0.018656
0.055562	36.306	0.019612
0.055616	36.303	0.021148
0.055671	36.282	0.023905
0.055725	36.302	0.019311
0.055780	36.292	0.019869
0.055834	36.293	0.021355
0.055888	36.310	0.026885
0.055943	36.336	0.021207
0.055997	36.316	0.024181
0.056052	36.308	0.023943
0.056106	36.306	0.020842
0.056161	36.289	0.023178
0.056215	36.270	0.020294
0.056269	36.256	0.020574
0.056324	36.270	0.021341
0.056378	36.270	0.023150
0.056433	36.268	0.025149
0.056487	36.269	0.025560
0.056542	36.289	0.027814
0.056596	36.304	0.020547
0.056651	36.294	0.020829
0.056705	36.292	0.021348
0.056759	36.295	0.022918
0.056814	36.285	0.024632
0.056868	36.272	0.024124
0.056923	36.284	0.021741
0.056977	36.258	0.022238
0.057032	36.257	0.023458
0.057086	36.255	0.029604
0.057140	36.253	0.021912
0.057195	36.242	0.022656
0.057249	36.245	0.028090
0.057304	36.257	0.022025
0.057358	36.245	0.022249
0.057413	36.228	0.022709
0.057467	36.207	0.024355
0.057522	36.209	0.029036
0.057576	36.263	0.023775
0.057630	36.323	0.026201
0.057685	36.357	0.023501
0.057739	36.349	0.023838
0.057794	36.311	0.024560
0.057848	36.278	0.025691
0.057903	36.274	0.032799
0.057957	36.253	0.026115
0.058011	36.235	0.028099
0.058066	36.220	0.036662
0.058120	36.229	0.031280
0.058175	36.230	0.031607
0.058229	36.244	0.035146
0.058284	36.230	0.030640
0.058338	36.213	0.038553
0.058393	36.196	0.026631
0.058447	36.172	0.034610
0.058501	36.200	0.024954
0.058556	36.255	0.025203
0.058610	36.267	0.025698
0.058665	36.257	0.026622
0.058719	36.255	0.027620
0.058774	36.232	0.034636
0.058828	36.219	0.027613
0.058882	36.219	0.031094
0.058937	36.233	0.030284
0.058991	36.250	0.028212
0.059046	36.255	0.029480
0.059100	36.231	0.029592
0.059155	36.222	0.031885
0.059209	36.257	0.034397
0.059264	36.330	0.040203
0.059318	36.357	0.033298
0.059372	36.351	0.035521
0.059427	36.382	0.030352
0.059481	36.414	0.031765
0.059536	36.428	0.035997
0.059590	36.375	0.032274
0.059645	36.292	0.034083
0.059699	36.286	0.041177
0.059753	36.286	0.043192
0.059808	36.235	0.050172
0.059862	36.285	0.038644
0.059917	36.297	0.056637
0.059971	36.304	0.034757
0.060026	36.300	0.035397
0.060080	36.308	0.036343
0.060134	36.306	0.037679
0.060189	36.292	0.040601
0.060243	36.289	0.050935
0.060298	36.263	0.062049
0.060352	36.262	0.038320
0.060407	36.249	0.039741
0.060461	36.233	0.040572
0.060516	36.247	0.042835
0.060570	36.278	0.046757
0.060624	36.256	0.071199
0.060679	36.221	0.039885
0.060733	36.229	0.043188
0.060788	36.253	0.054548
0.060842	36.260	0.066464
0.060897	36.245	0.037855
0.060951	36.227	0.038217
0.061006	36.212	0.038687
0.061060	36.197	0.039167
0.061114	36.218	0.039910
0.061169	36.252	0.040664
0.061223	36.247	0.042389
0.061278	36.267	0.044947
0.061332	36.258	0.050441
0.061387	36.229	0.070185
0.061441	36.184	0.042189
0.061495	36.185	0.043080
0.061550	36.200	0.043729
0.061604	36.201	0.044899
0.061659	36.218	0.046420
0.061713	36.205	0.048839
0.061768	36.184	0.059788
0.061822	36.239	0.048831
0.061876	36.215	0.057448
0.061931	36.197	0.067805
0.061985	36.207	0.11682
0.062040	36.202	0.10902
0.062094	36.224	0.053063
0.062149	36.222	0.056041
0.062203	36.243	0.069812
0.062258	36.259	0.12796
0.062312	36.243	0.058287
0.062366	36.209	0.062592
0.062421	36.230	0.077125
0.062475	36.242	0.092303
0.062530	36.234	0.084444
0.062584	36.301	0.10413
0.062639	36.332	0.16642
0.062693	36.299	0.10111
0.062747	36.253	0.085435
0.062802	36.233	0.090519
0.062856	36.247	0.10062
0.062911	36.308	0.11732
0.062965	36.337	0.14770
0.063020	36.324	0.17424
0.063074	36.277	0.28391
0.063128	36.160	0.52397
