B	C	D	E	F	G
0.012560	5.3810	0.074560	0.0028600	0.012870	1.0000
0.014240	5.3900	0.020580	0.0028660	0.014510	1.0000
0.015910	5.3210	0.023610	0.0028760	0.016160	1.0000
0.017590	5.2550	0.019370	0.0028880	0.017810	1.0000
0.019260	5.2090	0.020030	0.0029030	0.019460	1.0000
0.020940	5.1330	0.017450	0.0029200	0.021120	1.0000
0.022610	5.0970	0.018360	0.0029390	0.022780	1.0000
0.024290	5.0190	0.015590	0.0029600	0.024450	1.0000
0.025960	4.9910	0.017340	0.0029830	0.026110	1.0000
0.027640	4.9790	0.015840	0.0030070	0.027780	1.0000
0.029310	4.9390	0.014060	0.0030320	0.029440	1.0000
0.030980	4.8640	0.013750	0.0030590	0.031110	1.0000
0.032660	4.8660	0.016960	0.0030870	0.032780	1.0000
0.034330	4.7780	0.014080	0.0031170	0.034440	1.0000
0.036010	4.7410	0.013460	0.0031480	0.036110	1.0000
0.037680	4.7370	0.015110	0.0031800	0.037780	1.0000
0.039350	4.6980	0.013820	0.0032130	0.039450	1.0000
0.041020	4.6850	0.013100	0.0032470	0.041120	1.0000
0.042700	4.6520	0.012020	0.0032830	0.042790	1.0000
0.044370	4.6410	0.011880	0.0033190	0.044460	1.0000
0.046040	4.6210	0.011860	0.0033570	0.046120	1.0000
0.047710	4.6260	0.012990	0.0033950	0.047790	1.0000
0.049380	4.6010	0.011820	0.0034340	0.049460	1.0000
0.051050	4.5770	0.010930	0.0034750	0.051130	1.0000
0.052730	4.5440	0.010680	0.0035160	0.052800	1.0000
0.054400	4.5490	0.010440	0.0035580	0.054470	1.0000
0.056070	4.5320	0.0096590	0.0036010	0.056130	1.0000
0.057740	4.5250	0.010760	0.0036440	0.057800	1.0000
0.059410	4.5280	0.0097920	0.0036880	0.059470	1.0000
0.061070	4.4820	0.0097430	0.0037330	0.061140	1.0000
0.062690	4.4790	0.010240	0.0051540	0.062850	1.0000
0.062740	4.4920	0.010760	0.0037790	0.062800	1.0000
0.064410	4.5070	0.010380	0.0038250	0.064470	1.0000
0.066080	4.4890	0.0098590	0.0038720	0.066140	1.0000
0.067750	4.4740	0.010250	0.0039200	0.067800	1.0000
0.068640	4.4540	0.0090080	0.0052770	0.068790	1.0000
0.069410	4.4870	0.0098060	0.0039680	0.069470	1.0000
0.071080	4.4610	0.0088680	0.0040160	0.071140	1.0000
0.072750	4.4670	0.0095130	0.0040660	0.072800	1.0000
0.074410	4.4300	0.0098550	0.0041150	0.074470	1.0000
0.074590	4.4180	0.0088620	0.0054080	0.074720	1.0000
0.076080	4.4260	0.0091340	0.0041660	0.076130	1.0000
0.077750	4.4170	0.0089330	0.0042160	0.077790	1.0000
0.079410	4.4010	0.0087590	0.0042680	0.079460	1.0000
0.080530	4.3730	0.010440	0.0055460	0.080660	1.0000
0.081070	4.3840	0.0086160	0.0043190	0.081120	1.0000
0.082740	4.3830	0.0085450	0.0043710	0.082780	1.0000
0.084400	4.3630	0.0082500	0.0044240	0.084450	1.0000
0.086060	4.3230	0.0083440	0.0044770	0.086110	1.0000
0.086470	4.3310	0.011140	0.0056920	0.086580	1.0000
0.087730	4.3190	0.0087330	0.0045300	0.087770	1.0000
0.089390	4.2960	0.0075510	0.0045840	0.089430	1.0000
0.091050	4.2750	0.0076110	0.0046380	0.091090	1.0000
0.092400	4.2450	0.0099740	0.0058440	0.092510	1.0000
0.092710	4.2530	0.0079440	0.0046920	0.092750	1.0000
0.094370	4.2030	0.0079270	0.0047470	0.094410	1.0000
0.096030	4.1780	0.0071010	0.0048020	0.096070	1.0000
0.097690	4.1560	0.0072510	0.0048570	0.097730	1.0000
0.098320	4.1320	0.010050	0.0060010	0.098420	1.0000
0.099350	4.1010	0.0075360	0.0049130	0.099390	1.0000
0.10100	4.0840	0.0068560	0.0049680	0.10100	1.0000
0.10270	4.0510	0.0079090	0.0050250	0.10270	1.0000
0.10420	4.0340	0.010080	0.0061640	0.10430	1.0000
0.10430	4.0020	0.0079870	0.0050810	0.10440	1.0000
0.10600	3.9560	0.0082280	0.0051380	0.10600	1.0000
0.10760	3.9230	0.0087960	0.0051940	0.10770	1.0000
0.10930	3.8550	0.0082110	0.0052520	0.10930	1.0000
0.11010	3.8860	0.011470	0.0063310	0.11020	1.0000
0.11090	3.8200	0.0085050	0.0053090	0.11100	1.0000
0.11260	3.7870	0.0093740	0.0053660	0.11260	1.0000
0.11430	3.7250	0.0090320	0.0054240	0.11430	1.0000
0.11590	3.7000	0.010230	0.0054820	0.11590	1.0000
0.11600	3.7150	0.011630	0.0065030	0.11610	1.0000
0.11760	3.6400	0.010060	0.0055400	0.11760	1.0000
0.11920	3.6110	0.010910	0.0055990	0.11920	1.0000
0.12090	3.5600	0.010800	0.0056570	0.12090	1.0000
0.12190	3.5210	0.013180	0.0066790	0.12200	1.0000
0.12250	3.5160	0.011160	0.0057160	0.12250	1.0000
0.12420	3.4550	0.012040	0.0057740	0.12420	1.0000
0.12580	3.3680	0.011400	0.0058330	0.12580	1.0000
0.12750	3.3570	0.012890	0.0058930	0.12750	1.0000
0.12780	3.3370	0.012490	0.0068580	0.12790	1.0000
0.12910	3.3060	0.011790	0.0059520	0.12910	1.0000
0.13070	3.2460	0.015000	0.0060110	0.13080	1.0000
0.13240	3.1860	0.013370	0.0060710	0.13240	1.0000
0.13370	3.1500	0.012170	0.0070410	0.13380	1.0000
0.13400	3.1490	0.017010	0.0061300	0.13410	1.0000
0.13570	3.0780	0.018440	0.0061900	0.13570	1.0000
0.13730	3.0370	0.018490	0.0062500	0.13740	1.0000
0.13900	2.9810	0.015640	0.0063100	0.13900	1.0000
0.13960	2.9700	0.011370	0.0072260	0.13960	1.0000
0.14540	2.7960	0.011300	0.0074150	0.14550	1.0000
0.15130	2.6300	0.010430	0.0076050	0.15130	1.0000
0.15710	2.4500	0.0099930	0.0077980	0.15720	1.0000
0.16290	2.2900	0.0088890	0.0079930	0.16300	1.0000
0.16870	2.1230	0.0085400	0.0081900	0.16880	1.0000
0.17450	1.9820	0.0070900	0.0083890	0.17460	1.0000
0.18030	1.8380	0.0068290	0.0085890	0.18040	1.0000
0.18610	1.7040	0.0071070	0.0087900	0.18610	1.0000
0.19190	1.5840	0.0062040	0.0089920	0.19190	1.0000
0.19760	1.4570	0.0053210	0.0091960	0.19760	1.0000
0.20330	1.3480	0.0049370	0.0094000	0.20340	1.0000
0.20910	1.2530	0.0046450	0.0096050	0.20910	1.0000
0.21480	1.1560	0.0043760	0.0098110	0.21480	1.0000
0.22050	1.0730	0.0038810	0.010020	0.22050	1.0000
0.22610	0.99050	0.0034760	0.010220	0.22620	1.0000
0.23180	0.91620	0.0034660	0.010430	0.23180	1.0000
0.23740	0.85040	0.0031680	0.010640	0.23750	1.0000
0.24310	0.78950	0.0028370	0.010850	0.24310	1.0000
0.24870	0.73040	0.0026520	0.011060	0.24870	1.0000
0.25430	0.68110	0.0023290	0.011270	0.25430	1.0000
0.25990	0.63350	0.0021960	0.011470	0.25990	1.0000
0.26540	0.59200	0.0018800	0.011680	0.26550	1.0000
0.27100	0.55340	0.0019350	0.011890	0.27100	1.0000
0.27650	0.51620	0.0016750	0.012100	0.27650	1.0000
0.28200	0.48550	0.0016910	0.012310	0.28200	1.0000
0.28750	0.45350	0.0015640	0.012520	0.28750	1.0000
0.29300	0.42620	0.0013850	0.012720	0.29300	1.0000
0.29840	0.40110	0.0014950	0.012930	0.29850	1.0000
0.30390	0.37650	0.0012300	0.013140	0.30390	1.0000
0.30930	0.35570	0.0011920	0.013350	0.30930	1.0000
0.31470	0.33450	0.0012460	0.013550	0.31470	1.0000
0.32010	0.31870	0.0011720	0.013760	0.32010	1.0000
0.32540	0.29810	0.0010900	0.013970	0.32550	1.0000
0.33080	0.28480	0.0011100	0.014170	0.33080	1.0000
0.33610	0.26980	0.00099450	0.014380	0.33610	1.0000
0.34140	0.25810	0.00099950	0.014580	0.34140	1.0000
0.34670	0.24530	0.00092500	0.014790	0.34670	1.0000
0.35190	0.23250	0.00094760	0.014990	0.35190	1.0000
0.35720	0.22140	0.0010200	0.015200	0.35720	1.0000
0.36240	0.21120	0.00093070	0.015400	0.36240	1.0000
0.36760	0.20230	0.00091600	0.015600	0.36760	1.0000
0.37270	0.19470	0.00091460	0.015800	0.37280	1.0000
0.37790	0.18590	0.00090790	0.016000	0.37790	1.0000
0.38300	0.17830	0.00090100	0.016200	0.38300	1.0000
0.38810	0.16990	0.00099820	0.016400	0.38810	1.0000
0.39320	0.16190	0.00082440	0.016600	0.39320	1.0000
0.39830	0.15570	0.00095520	0.016800	0.39830	1.0000
0.40330	0.15120	0.00086200	0.017000	0.40330	1.0000
0.40830	0.14490	0.00080100	0.017190	0.40830	1.0000
0.41330	0.13980	0.00088820	0.017390	0.41330	1.0000
0.41830	0.13540	0.00077690	0.017590	0.41830	1.0000
0.42320	0.12990	0.00080980	0.017780	0.42330	1.0000
0.42820	0.12320	0.00072400	0.017970	0.42820	1.0000
0.43310	0.12190	0.00079200	0.018170	0.43310	1.0000
0.43800	0.11600	0.00068400	0.018360	0.43800	1.0000
0.44280	0.11220	0.00069410	0.018550	0.44280	1.0000
0.44760	0.10820	0.00077310	0.018740	0.44770	1.0000
0.45250	0.10430	0.00078210	0.018930	0.45250	1.0000
0.45720	0.10130	0.00078240	0.019120	0.45730	1.0000
0.46200	0.096520	0.00064590	0.019310	0.46200	1.0000
0.46670	0.095220	0.00079130	0.019500	0.46680	1.0000
0.47150	0.092350	0.00067860	0.019680	0.47150	1.0000
0.47620	0.089630	0.00069370	0.019870	0.47620	1.0000
0.48080	0.086830	0.00060520	0.020060	0.48080	1.0000
0.48550	0.084900	0.00071060	0.020240	0.48550	1.0000
0.49010	0.081360	0.00069190	0.020420	0.49010	1.0000
0.49470	0.079100	0.00072930	0.020610	0.49470	1.0000
0.49930	0.076990	0.00071990	0.020790	0.49930	1.0000
0.50380	0.073940	0.00065860	0.020970	0.50380	1.0000
0.50830	0.072110	0.00066080	0.021150	0.50830	1.0000
0.51280	0.070850	0.00063480	0.021330	0.51280	1.0000
0.51730	0.069600	0.00066680	0.021500	0.51730	1.0000
0.52180	0.067560	0.00060800	0.021680	0.52180	1.0000
0.52620	0.065850	0.00061870	0.021860	0.52620	1.0000
0.53060	0.064500	0.00065180	0.022030	0.53060	1.0000
0.53500	0.062860	0.00066710	0.022210	0.53500	1.0000
0.53930	0.062040	0.00057480	0.022380	0.53930	1.0000
0.54370	0.059510	0.00062220	0.022550	0.54370	1.0000
0.54800	0.059500	0.00061290	0.022730	0.54800	1.0000
0.55230	0.057000	0.00063560	0.022900	0.55230	1.0000
0.55650	0.056140	0.00063170	0.023070	0.55650	1.0000
0.56080	0.054620	0.00062430	0.023240	0.56080	1.0000
0.56500	0.053360	0.00066470	0.023400	0.56500	1.0000
0.56920	0.052840	0.00056040	0.023570	0.56920	1.0000
0.57330	0.051200	0.00065860	0.023740	0.57340	1.0000
0.57750	0.052260	0.00058630	0.023900	0.57750	1.0000
0.58160	0.050980	0.00061930	0.024070	0.58160	1.0000
0.58570	0.050020	0.00061830	0.024230	0.58570	1.0000
0.58980	0.047060	0.00066030	0.024390	0.58980	1.0000
0.59380	0.048000	0.00063080	0.024560	0.59380	1.0000
0.59780	0.046710	0.00061460	0.024720	0.59790	1.0000
0.60180	0.047100	0.00066820	0.024880	0.60190	1.0000
0.60580	0.045880	0.00063850	0.025040	0.60580	1.0000
0.60980	0.045600	0.00075690	0.025200	0.60980	1.0000
0.61370	0.045080	0.00083840	0.025350	0.61370	1.0000
0.61760	0.045300	0.00075310	0.025510	0.61760	1.0000
0.62150	0.043010	0.00077910	0.025660	0.62150	1.0000
0.62540	0.043070	0.00081320	0.025820	0.62540	1.0000
0.62920	0.041900	0.0011560	0.025970	0.62920	1.0000
0.63300	0.041510	0.0011510	0.026130	0.63300	1.0000
0.63680	0.043790	0.0011740	0.026280	0.63680	1.0000
0.64060	0.044620	0.0014240	0.026430	0.64060	1.0000
0.64430	0.040840	0.0014640	0.026580	0.64440	1.0000
0.64810	0.039690	0.0024200	0.026730	0.64810	1.0000
0.65180	0.036900	0.0013780	0.026880	0.65180	1.0000
0.65550	0.032750	0.0028880	0.027030	0.65550	1.0000
