#q*Aangstroem	C14_ESRF_ID01 (521 mm)*cm*sr	stddev*cm*sr
0.028742	38.458	0.10990
0.029181	38.808	0.058578
0.029620	38.951	0.039359
0.030059	39.080	0.037375
0.030497	39.159	0.034329
0.030936	39.206	0.031591
0.031375	39.206	0.029906
0.031814	39.174	0.028076
0.032253	39.115	0.026629
0.032691	38.976	0.025001
0.033130	38.957	0.023188
0.033569	38.917	0.022021
0.034008	38.824	0.021789
0.034446	38.677	0.018812
0.034885	38.643	0.017349
0.035324	38.617	0.016785
0.035763	38.600	0.016158
0.036202	38.550	0.015712
0.036640	38.502	0.015355
0.037079	38.432	0.014521
0.037518	38.432	0.013811
0.037957	38.390	0.013500
0.038396	38.351	0.013267
0.038834	38.342	0.012934
0.039273	38.314	0.012751
0.039712	38.260	0.012585
0.040151	38.223	0.012359
0.040589	38.199	0.012215
0.041028	38.177	0.012088
0.041467	38.139	0.012028
0.041906	38.112	0.011902
0.042345	38.063	0.011864
0.042783	38.028	0.011730
0.043222	37.979	0.011683
0.043661	37.938	0.011587
0.044100	37.912	0.011491
0.044538	37.885	0.011453
0.044977	37.838	0.011389
0.045416	37.814	0.011283
0.045855	37.784	0.011222
0.046293	37.731	0.011154
0.046732	37.690	0.011050
0.047171	37.651	0.011007
0.047610	37.612	0.010943
0.048048	37.589	0.010826
0.048487	37.552	0.010755
0.048926	37.505	0.010698
0.049365	37.453	0.010648
0.049803	37.438	0.010577
0.050242	37.418	0.010511
0.050681	37.379	0.010499
0.051120	37.343	0.010409
0.051558	37.328	0.010336
0.051997	37.317	0.010300
0.052436	37.305	0.010270
0.052875	37.270	0.010189
0.053313	37.200	0.010147
0.053752	37.177	0.010060
0.054191	37.184	0.010067
0.054630	37.180	0.010006
0.055068	37.158	0.0099479
0.055507	37.133	0.0099001
0.055946	37.106	0.0098250
0.056384	37.078	0.0097700
0.056823	37.069	0.0097555
0.057262	37.055	0.0097414
0.057701	37.025	0.0096532
0.058139	37.012	0.0095873
0.058578	37.001	0.0095981
0.059017	36.996	0.0095163
0.059456	36.984	0.0094589
0.059894	36.968	0.0094398
0.060333	36.958	0.0093753
0.060772	36.955	0.0093369
0.061210	36.938	0.0092946
0.061649	36.923	0.0092560
0.062088	36.902	0.0092796
0.062527	36.882	0.0091972
0.062965	36.865	0.0091411
0.063404	36.858	0.0090984
0.063843	36.854	0.0090598
0.064281	36.837	0.0090623
0.064720	36.818	0.0089992
0.065159	36.806	0.0089661
0.065598	36.806	0.0089299
0.066036	36.795	0.0088817
0.066475	36.790	0.0088893
0.066913	36.785	0.0088283
0.067352	36.750	0.0087907
0.067791	36.710	0.0087727
0.068230	36.685	0.0087188
0.068668	36.667	0.0086689
0.069107	36.657	0.0086341
0.069545	36.643	0.0086008
0.069985	36.630	0.0085917
0.070423	36.604	0.0085726
0.070862	36.588	0.0084929
0.071300	36.567	0.0084589
0.071739	36.530	0.0084383
0.072177	36.512	0.0084181
0.072617	36.499	0.0083779
0.073055	36.474	0.0083359
0.073494	36.439	0.0082979
0.073932	36.423	0.0082686
0.074371	36.390	0.0082804
0.074809	36.378	0.0082257
0.075249	36.352	0.0082233
0.075687	36.312	0.0082468
0.076126	36.282	0.0081757
0.076564	36.257	0.0081110
0.077003	36.246	0.0080687
0.077442	36.222	0.0081654
0.077880	36.200	0.0082207
0.078319	36.156	0.0082113
0.078758	36.121	0.0083530
0.079196	36.097	0.0082367
0.079635	36.071	0.0083575
0.080074	36.023	0.0082910
0.080512	35.975	0.0083238
0.080951	35.952	0.0082969
0.081389	35.924	0.0082616
0.081828	35.891	0.0082401
0.082266	35.845	0.0082641
0.082706	35.799	0.0083620
0.083144	35.773	0.0082528
0.083583	35.719	0.0082764
0.084021	35.671	0.0082382
0.084460	35.634	0.0083178
0.084898	35.586	0.0082023
0.085337	35.538	0.0081823
0.085776	35.489	0.0082049
0.086214	35.441	0.0081649
0.086653	35.389	0.0082664
0.087091	35.338	0.0081382
0.087530	35.289	0.0081253
0.087968	35.223	0.0082088
0.088408	35.175	0.0081507
0.088846	35.122	0.0081209
0.089285	35.066	0.0080665
0.089723	34.999	0.0081068
0.090162	34.951	0.0080675
0.090600	34.895	0.0080205
0.091039	34.844	0.0081323
0.091478	34.779	0.0079878
0.091916	34.712	0.0080436
0.092355	34.654	0.0079446
0.092793	34.589	0.0079511
0.093232	34.512	0.0079927
0.093670	34.445	0.0079517
0.094109	34.386	0.0080048
0.094547	34.320	0.0078976
0.094986	34.254	0.0079018
0.095425	34.180	0.0079849
0.095863	34.107	0.0078760
0.096302	34.040	0.0078527
0.096740	33.971	0.0078122
0.097179	33.889	0.0077744
0.097617	33.806	0.0077730
0.098056	33.730	0.0077302
0.098495	33.657	0.0077203
0.098933	33.588	0.0077258
0.099372	33.511	0.0077605
0.099810	33.433	0.0077178
0.10025	33.342	0.0076924
0.10069	33.250	0.0077985
0.10113	33.161	0.0076154
0.10156	33.075	0.0075924
0.10200	32.988	0.0075850
0.10244	32.902	0.0075461
0.10288	32.819	0.0075434
0.10332	32.730	0.0076274
0.10376	32.643	0.0075530
0.10420	32.565	0.0074742
0.10463	32.473	0.0075738
0.10507	32.380	0.0075029
0.10551	32.276	0.0075349
0.10595	32.173	0.0074130
0.10639	32.074	0.0074919
0.10683	31.981	0.0073836
0.10726	31.887	0.0074396
0.10770	31.793	0.0073401
0.10814	31.693	0.0073271
0.10858	31.592	0.0074061
0.10902	31.498	0.0073163
0.10946	31.415	0.0072348
0.10990	31.329	0.0072280
0.11033	31.219	0.0072574
0.11077	31.094	0.0072075
0.11121	30.983	0.0071399
0.11165	30.891	0.0071318
0.11209	30.794	0.0071268
0.11253	30.691	0.0071946
0.11296	30.583	0.0071132
0.11340	30.460	0.0070893
0.11384	30.349	0.0070606
0.11428	30.244	0.0070577
0.11472	30.140	0.0071368
0.11516	30.031	0.0070943
0.11560	29.922	0.0069889
0.11603	29.809	0.0069275
0.11647	29.688	0.0069205
0.11691	29.573	0.0070391
0.11735	29.475	0.0069447
0.11779	29.376	0.0068709
0.11823	29.266	0.0068299
0.11866	29.152	0.0068150
0.11910	29.038	0.0068196
0.11954	28.926	0.0067652
0.11998	28.810	0.0067964
0.12042	28.712	0.0067100
0.12086	28.621	0.0066913
0.12130	28.507	0.0066850
0.12173	28.352	0.0067018
0.12217	28.193	0.0066469
0.12261	28.070	0.0066782
0.12305	27.968	0.0065647
0.12349	27.854	0.0066362
0.12393	27.741	0.0066036
0.12436	27.628	0.0066097
0.12480	27.516	0.0065379
0.12524	27.400	0.0065661
0.12568	27.285	0.0064355
0.12612	27.171	0.0064212
0.12656	27.053	0.0064039
0.12699	26.938	0.0064022
0.12743	26.829	0.0064636
0.12787	26.706	0.0063952
0.12831	26.585	0.0063194
0.12875	26.467	0.0063674
0.12919	26.340	0.0063237
0.12962	26.212	0.0063116
0.13006	26.094	0.0063022
0.13050	25.982	0.0063347
0.13094	25.870	0.0062423
0.13138	25.742	0.0061993
0.13182	25.615	0.0061514
0.13225	25.500	0.0061296
0.13269	25.388	0.0061103
0.13313	25.273	0.0060999
0.13357	25.147	0.0061240
0.13401	25.023	0.0060393
0.13445	24.898	0.0061465
0.13488	24.779	0.0059886
0.13532	24.662	0.0059625
0.13576	24.542	0.0059477
0.13620	24.425	0.0059266
0.13664	24.306	0.0059137
0.13708	24.192	0.0059578
0.13751	24.081	0.0058907
0.13795	23.956	0.0059183
0.13839	23.826	0.0058672
0.13883	23.704	0.0058237
0.13927	23.581	0.0057990
0.13970	23.461	0.0058537
0.14014	23.344	0.0058326
0.14058	23.234	0.0058248
0.14102	23.114	0.0057354
0.14146	22.992	0.0057579
0.14190	22.882	0.0056464
0.14233	22.766	0.0056671
0.14277	22.656	0.0056210
0.14321	22.536	0.0056027
0.14365	22.417	0.0056022
0.14409	22.302	0.0055891
0.14453	22.186	0.0056100
0.14496	22.070	0.0055565
0.14540	21.958	0.0055625
0.14584	21.836	0.0054635
0.14628	21.713	0.0054435
0.14672	21.592	0.0054206
0.14715	21.482	0.0054029
0.14759	21.369	0.0054120
0.14803	21.250	0.0054413
0.14847	21.130	0.0053302
0.14891	21.017	0.0053155
0.14935	20.914	0.0053238
0.14978	20.799	0.0053648
0.15022	20.687	0.0052362
0.15066	20.578	0.0052241
0.15110	20.469	0.0052062
0.15154	20.354	0.0051963
0.15198	20.241	0.0052143
0.15241	20.130	0.0052328
0.15285	20.019	0.0051227
0.15329	19.906	0.0051138
0.15373	19.800	0.0051317
0.15417	19.692	0.0051441
0.15460	19.583	0.0050375
0.15504	19.477	0.0050197
0.15548	19.365	0.0050872
0.15592	19.245	0.0051059
0.15636	19.141	0.0050671
0.15679	19.030	0.0050626
0.15723	18.920	0.0050894
0.15767	18.818	0.0049768
0.15811	18.711	0.0050094
0.15855	18.606	0.0049961
0.15898	18.504	0.0049955
0.15942	18.396	0.0048910
0.15986	18.286	0.0048487
0.16030	18.184	0.0048231
0.16074	18.080	0.0048024
0.16118	17.973	0.0047912
0.16161	17.864	0.0047762
0.16205	17.764	0.0047797
0.16249	17.665	0.0047067
0.16293	17.559	0.0046980
0.16337	17.457	0.0046959
0.16380	17.353	0.0047066
0.16424	17.248	0.0047268
0.16468	17.148	0.0046078
0.16512	17.051	0.0045898
0.16556	16.950	0.0045703
0.16599	16.851	0.0045532
0.16643	16.753	0.0045442
0.16687	16.656	0.0045307
0.16731	16.560	0.0045439
0.16775	16.460	0.0045532
0.16818	16.363	0.0044621
0.16862	16.263	0.0044519
0.16906	16.171	0.0044474
0.16950	16.075	0.0044582
0.16994	15.982	0.0043866
0.17037	15.887	0.0043663
0.17081	15.782	0.0044420
0.17125	15.685	0.0044023
0.17169	15.594	0.0043814
0.17213	15.506	0.0043614
0.17256	15.412	0.0043459
0.17300	15.317	0.0043325
0.17344	15.231	0.0043437
0.17388	15.141	0.0043778
0.17432	15.047	0.0042716
0.17475	14.956	0.0042566
0.17519	14.863	0.0042677
0.17563	14.773	0.0042046
0.17607	14.683	0.0041523
0.17651	14.592	0.0041358
0.17694	14.508	0.0041199
0.17738	14.418	0.0041064
0.17782	14.333	0.0040911
0.17826	14.248	0.0040813
0.17870	14.161	0.0040692
0.17913	14.073	0.0040666
0.17957	13.990	0.0040616
0.18001	13.900	0.0040844
0.18045	13.810	0.0040097
0.18088	13.728	0.0040222
0.18132	13.642	0.0041445
0.18176	13.558	0.0040043
0.18220	13.472	0.0039702
0.18264	13.389	0.0039473
0.18307	13.309	0.0039333
0.18351	13.223	0.0038943
0.18395	13.137	0.0039095
0.18439	13.058	0.0039027
0.18483	12.982	0.0038813
0.18526	12.903	0.0038684
0.18570	12.824	0.0038425
0.18614	12.745	0.0038263
0.18658	12.665	0.0038399
0.18701	12.589	0.0038366
0.18745	12.510	0.0038833
0.18789	12.428	0.0037734
0.18833	12.351	0.0037847
0.18877	12.275	0.0036920
0.18920	12.199	0.0036842
0.18964	12.118	0.0036694
0.19008	12.042	0.0036550
0.19052	11.968	0.0036349
0.19095	11.894	0.0036190
0.19139	11.819	0.0036065
0.19183	11.743	0.0035921
0.19227	11.669	0.0035915
0.19271	11.592	0.0036702
0.19314	11.517	0.0036539
0.19358	11.445	0.0036329
0.19402	11.374	0.0036196
0.19446	11.306	0.0036294
0.19489	11.234	0.0036403
0.19533	11.169	0.0035793
0.19577	11.099	0.0035651
0.19621	11.026	0.0035980
0.19665	10.954	0.0034765
0.19708	10.882	0.0034621
0.19752	10.816	0.0034457
0.19796	10.749	0.0034082
0.19840	10.677	0.0033949
0.19883	10.609	0.0033813
0.19927	10.542	0.0033717
0.19971	10.478	0.0033573
0.20015	10.415	0.0033528
0.20059	10.351	0.0033451
0.20102	10.285	0.0033361
0.20146	10.217	0.0033478
0.20190	10.151	0.0033458
0.20234	10.085	0.0033853
0.20277	10.024	0.0033071
0.20321	9.9594	0.0033131
0.20365	9.8936	0.0032192
0.20409	9.8315	0.0032052
0.20452	9.7719	0.0031930
0.20496	9.7128	0.0031854
0.20540	9.6512	0.0031735
0.20584	9.5912	0.0031613
0.20627	9.5307	0.0031438
0.20671	9.4694	0.0031319
0.20715	9.4080	0.0031190
0.20759	9.3472	0.0031095
0.20802	9.2861	0.0030974
0.20846	9.2261	0.0030871
0.20890	9.1702	0.0030769
0.20934	9.1168	0.0030687
0.20977	9.0601	0.0030641
0.21021	9.0002	0.0030556
0.21065	8.9406	0.0030755
0.21109	8.8826	0.0030778
0.21152	8.8264	0.0030095
0.21196	8.7750	0.0030216
0.21240	8.7211	0.0030306
0.21284	8.6656	0.0029478
0.21328	8.6093	0.0029361
0.21371	8.5535	0.0029247
0.21415	8.5014	0.0029135
0.21459	8.4487	0.0029023
0.21503	8.3959	0.0028904
0.21546	8.3425	0.0028777
0.21590	8.2871	0.0028672
0.21634	8.2332	0.0028559
0.21677	8.1818	0.0028456
0.21721	8.1277	0.0029163
0.21765	8.0814	0.0028269
0.21809	8.0317	0.0028208
0.21852	7.9789	0.0028103
0.21896	7.9297	0.0028018
0.21940	7.8806	0.0028019
0.21984	7.8289	0.0028646
0.22027	7.7790	0.0028425
0.22071	7.7302	0.0028616
0.22115	7.6855	0.0028098
0.22159	7.6388	0.0027473
0.22202	7.5896	0.0027556
0.22246	7.5357	0.0028280
0.22290	7.4867	0.0027410
0.22334	7.4411	0.0027272
0.22377	7.3995	0.0026679
0.22421	7.3541	0.0026584
0.22465	7.3073	0.0026488
0.22509	7.2590	0.0027034
0.22552	7.2156	0.0026791
0.22596	7.1691	0.0027420
0.22640	7.1312	0.0026688
0.22684	7.0870	0.0026220
0.22727	7.0381	0.0026976
0.22771	6.9929	0.0026639
0.22815	6.9518	0.0026442
0.22858	6.9095	0.0026281
0.22902	6.8646	0.0026193
0.22946	6.8210	0.0026156
0.22990	6.7793	0.0026396
0.23033	6.7354	0.0026178
0.23077	6.6942	0.0026063
0.23121	6.6569	0.0026001
0.23165	6.6161	0.0026313
0.23208	6.5744	0.0026041
0.23252	6.5347	0.0026462
0.23296	6.4965	0.0025216
0.23340	6.4550	0.0025025
0.23383	6.4147	0.0024910
0.23427	6.3753	0.0024819
0.23471	6.3363	0.0024533
0.23514	6.2991	0.0024392
0.23558	6.2599	0.0024268
0.23602	6.2217	0.0024429
0.23646	6.1830	0.0024335
0.23689	6.1453	0.0024239
0.23733	6.1083	0.0023964
0.23777	6.0707	0.0023852
0.23820	6.0344	0.0023736
0.23864	5.9973	0.0023635
0.23908	5.9619	0.0023541
0.23952	5.9257	0.0023455
0.23995	5.8891	0.0023315
0.24039	5.8553	0.0023248
0.24083	5.8219	0.0023242
0.24126	5.7874	0.0023218
0.24170	5.7528	0.0023128
0.24214	5.7158	0.0023115
0.24258	5.6784	0.0023299
0.24301	5.6444	0.0023206
0.24345	5.6106	0.0023382
0.24389	5.5768	0.0022837
0.24432	5.5447	0.0022751
0.24476	5.5127	0.0022817
0.24520	5.4828	0.0022149
0.24564	5.4509	0.0022064
0.24607	5.4177	0.0021979
0.24651	5.3847	0.0021906
0.24695	5.3528	0.0021863
0.24738	5.3204	0.0021793
0.24782	5.2860	0.0024112
0.24826	5.2526	0.0022370
0.24870	5.2202	0.0022561
0.24913	5.1882	0.0022662
0.24957	5.1573	0.0023215
0.25001	5.1248	0.0022401
0.25044	5.0948	0.0023068
0.25088	5.0631	0.0022528
0.25132	5.0321	0.0022717
0.25176	5.0046	0.0022518
0.25219	4.9755	0.0022412
0.25263	4.9457	0.0022537
0.25307	4.9149	0.0022440
0.25350	4.8864	0.0022603
0.25394	4.8585	0.0025207
0.25438	4.8277	0.0022329
0.25481	4.8005	0.0022665
0.25525	4.7696	0.0022350
0.25569	4.7421	0.0022804
0.25612	4.7145	0.0023283
0.25656	4.6877	0.0022509
0.25700	4.6619	0.0022629
0.25744	4.6341	0.0022864
0.25787	4.6066	0.0021791
0.25831	4.5789	0.0021807
0.25875	4.5530	0.0021661
0.25918	4.5268	0.0021612
0.25962	4.5000	0.0021601
0.26006	4.4731	0.0022310
0.26049	4.4470	0.0021470
0.26093	4.4187	0.0022192
0.26137	4.3950	0.0022047
0.26180	4.3703	0.0021444
0.26224	4.3459	0.0021339
0.26268	4.3217	0.0021325
0.26312	4.2987	0.0021520
0.26355	4.2747	0.0021029
0.26399	4.2468	0.0020932
0.26443	4.2222	0.0020926
0.26486	4.2006	0.0021495
0.26530	4.1782	0.0020712
0.26574	4.1550	0.0020644
0.26617	4.1322	0.0020655
0.26661	4.1089	0.0020829
0.26705	4.0846	0.0020426
0.26748	4.0612	0.0020379
0.26792	4.0385	0.0020353
0.26836	4.0158	0.0020417
0.26879	3.9944	0.0020245
0.26923	3.9724	0.0020188
0.26967	3.9480	0.0020163
0.27010	3.9255	0.0020179
0.27054	3.9050	0.0020413
0.27098	3.8855	0.0020084
0.27141	3.8649	0.0020090
0.27185	3.8435	0.0020293
0.27229	3.8226	0.0020281
0.27272	3.8017	0.0020942
0.27316	3.7792	0.0019563
0.27360	3.7581	0.0019511
0.27403	3.7373	0.0019470
0.27447	3.7165	0.0019464
0.27491	3.6962	0.0019613
0.27534	3.6765	0.0019278
0.27578	3.6555	0.0019224
0.27622	3.6342	0.0019186
0.27665	3.6134	0.0019162
0.27709	3.5910	0.0020101
0.27753	3.5729	0.0020620
0.27796	3.5548	0.0019847
0.27840	3.5360	0.0019604
0.27884	3.5179	0.0019573
0.27927	3.4986	0.0019566
0.27971	3.4797	0.0019680
0.28015	3.4571	0.0020325
0.28058	3.4384	0.0020050
0.28102	3.4198	0.0019857
0.28146	3.4012	0.0019722
0.28189	3.3825	0.0019687
0.28233	3.3642	0.0019781
0.28277	3.3472	0.0020601
0.28320	3.3294	0.0019302
0.28364	3.3113	0.0019225
0.28408	3.2948	0.0019487
0.28451	3.2781	0.0019445
0.28495	3.2608	0.0019018
0.28539	3.2434	0.0019434
0.28582	3.2255	0.0018751
0.28626	3.2089	0.0018555
0.28669	3.1943	0.0018596
0.28713	3.1794	0.0018589
0.28757	3.1624	0.0018827
0.28800	3.1451	0.0018890
0.28844	3.1288	0.0019772
0.28888	3.1110	0.0018070
0.28931	3.0929	0.0017972
0.28975	3.0771	0.0017937
0.29019	3.0626	0.0017936
0.29062	3.0483	0.0017870
0.29106	3.0338	0.0018012
0.29150	3.0184	0.0018545
0.29193	3.0034	0.0017682
0.29237	2.9876	0.0017677
0.29280	2.9726	0.0017630
0.29324	2.9572	0.0017750
0.29368	2.9423	0.0018466
0.29411	2.9268	0.0018440
0.29455	2.9105	0.0017347
0.29499	2.8946	0.0017327
0.29542	2.8788	0.0017308
0.29586	2.8641	0.0017291
0.29630	2.8497	0.0017541
0.29673	2.8394	0.0017872
0.29717	2.8296	0.0018597
0.29760	2.8175	0.0017425
0.29804	2.8044	0.0018633
0.29848	2.7915	0.0017620
0.29891	2.7783	0.0017929
0.29935	2.7663	0.0018371
0.29979	2.7527	0.0017609
0.30022	2.7374	0.0017758
0.30066	2.7232	0.0019417
0.30109	2.7104	0.0017523
0.30153	2.6962	0.0018571
0.30197	2.6827	0.0017445
0.30240	2.6706	0.0017799
0.30284	2.6585	0.0017484
0.30328	2.6475	0.0018434
0.30371	2.6353	0.0017449
0.30415	2.6224	0.0017780
0.30458	2.6098	0.0017484
0.30502	2.5957	0.0017212
0.30546	2.5815	0.0017324
0.30589	2.5682	0.0017592
0.30633	2.5558	0.0017157
0.30677	2.5437	0.0017225
0.30720	2.5323	0.0017497
0.30764	2.5202	0.0017218
0.30807	2.5081	0.0017473
0.30851	2.4965	0.0017448
0.30895	2.4856	0.0016981
0.30938	2.4745	0.0017236
0.30982	2.4617	0.0017206
0.31025	2.4491	0.0016902
0.31069	2.4373	0.0016898
0.31113	2.4261	0.0016935
0.31156	2.4155	0.0017071
0.31200	2.4044	0.0017489
0.31243	2.3942	0.0017740
0.31287	2.3820	0.0016759
0.31331	2.3705	0.0016920
0.31374	2.3611	0.0017651
0.31418	2.3496	0.0016660
0.31461	2.3381	0.0016673
0.31505	2.3272	0.0016757
0.31549	2.3167	0.0017141
0.31592	2.3066	0.0018081
0.31636	2.2952	0.0016832
0.31679	2.2833	0.0017532
0.31723	2.2732	0.0016660
0.31767	2.2630	0.0016911
0.31810	2.2522	0.0016390
0.31854	2.2418	0.0016390
0.31897	2.2309	0.0016385
0.31941	2.2193	0.0016568
0.31985	2.2088	0.0017205
0.32028	2.2001	0.0016367
0.32072	2.1906	0.0016445
0.32115	2.1813	0.0016974
0.32159	2.1724	0.0016303
0.32203	2.1627	0.0017229
0.32246	2.1524	0.0017522
0.32290	2.1407	0.0016087
0.32333	2.1304	0.0016097
0.32377	2.1202	0.0016098
0.32420	2.1102	0.0016261
0.32464	2.1006	0.0017092
0.32508	2.0919	0.0016058
0.32551	2.0828	0.0016138
0.32595	2.0745	0.0016763
0.32638	2.0656	0.0016403
0.32682	2.0560	0.0015858
0.32725	2.0466	0.0015824
0.32769	2.0368	0.0015785
0.32813	2.0277	0.0015761
0.32856	2.0190	0.0015764
0.32900	2.0090	0.0015815
0.32943	2.0017	0.0015887
0.32987	1.9943	0.0016686
0.33031	1.9854	0.0015805
0.33074	1.9761	0.0015952
0.33118	1.9671	0.0016604
0.33161	1.9581	0.0015559
0.33205	1.9494	0.0015596
0.33248	1.9406	0.0015905
0.33292	1.9319	0.0016373
0.33335	1.9243	0.0015426
0.33379	1.9161	0.0015416
0.33423	1.9068	0.0015416
0.33466	1.8981	0.0015446
0.33510	1.8891	0.0015539
0.33553	1.8814	0.0015954
0.33597	1.8754	0.0016567
0.33640	1.8678	0.0016098
0.33684	1.8592	0.0015203
0.33728	1.8513	0.0015192
0.33771	1.8436	0.0015199
0.33815	1.8357	0.0015220
0.33858	1.8286	0.0015607
0.33902	1.8205	0.0016479
0.33945	1.8116	0.0015065
0.33989	1.8036	0.0015060
0.34032	1.7960	0.0015070
0.34076	1.7896	0.0015114
0.34120	1.7822	0.0015211
0.34163	1.7735	0.0015457
0.34207	1.7664	0.0016425
0.34250	1.7599	0.0015921
0.34294	1.7528	0.0014826
0.34337	1.7457	0.0014809
0.34381	1.7373	0.0014793
0.34424	1.7293	0.0014790
0.34468	1.7215	0.0014811
0.34511	1.7150	0.0014932
0.34555	1.7086	0.0015291
0.34598	1.7020	0.0015734
0.34642	1.6945	0.0014832
0.34686	1.6877	0.0014984
0.34729	1.6813	0.0015551
0.34773	1.6736	0.0014579
0.34816	1.6670	0.0014587
0.34860	1.6597	0.0014629
0.34903	1.6527	0.0014790
0.34947	1.6460	0.0015570
0.34990	1.6393	0.0014433
0.35034	1.6326	0.0014420
0.35077	1.6256	0.0014411
0.35121	1.6191	0.0014425
0.35164	1.6136	0.0014455
0.35208	1.6065	0.0014589
0.35251	1.6004	0.0015499
0.35295	1.5930	0.0014652
0.35339	1.5862	0.0015097
0.35382	1.5803	0.0014238
0.35426	1.5739	0.0014206
0.35469	1.5670	0.0014164
0.35513	1.5608	0.0014143
0.35556	1.5540	0.0014138
0.35600	1.5478	0.0014150
0.35643	1.5428	0.0014199
0.35687	1.5370	0.0014327
0.35730	1.5296	0.0014582
0.35774	1.5224	0.0015334
0.35817	1.5160	0.0014040
0.35861	1.5103	0.0014068
0.35904	1.5041	0.0014131
0.35948	1.4988	0.0014287
0.35991	1.4935	0.0014764
0.36035	1.4879	0.0013921
0.36078	1.4819	0.0013967
0.36122	1.4751	0.0014122
0.36165	1.4684	0.0014821
0.36209	1.4618	0.0015313
0.36252	1.4554	0.0013717
0.36296	1.4509	0.0013711
0.36339	1.4453	0.0013697
0.36383	1.4399	0.0013697
0.36426	1.4345	0.0013699
0.36470	1.4286	0.0013737
0.36513	1.4228	0.0013835
0.36557	1.4182	0.0013951
0.36600	1.4133	0.0014457
0.36644	1.4085	0.0014930
0.36687	1.4022	0.0014509
0.36731	1.3960	0.0013460
0.36774	1.3907	0.0013447
0.36818	1.3849	0.0013432
0.36861	1.3795	0.0013424
0.36905	1.3742	0.0013426
0.36948	1.3683	0.0013459
0.36992	1.3625	0.0013483
0.37035	1.3582	0.0013627
0.37079	1.3539	0.0013843
0.37122	1.3482	0.0014452
0.37166	1.3428	0.0013301
0.37209	1.3385	0.0013310
0.37253	1.3328	0.0013339
0.37296	1.3269	0.0013403
0.37340	1.3222	0.0013549
0.37383	1.3178	0.0013676
0.37427	1.3125	0.0014485
0.37470	1.3072	0.0013251
0.37514	1.3016	0.0013299
0.37557	1.2965	0.0013567
0.37601	1.2920	0.0014798
0.37644	1.2876	0.0013003
0.37688	1.2827	0.0012986
0.37731	1.2774	0.0012976
0.37775	1.2719	0.0012961
0.37818	1.2671	0.0012960
0.37862	1.2627	0.0012966
0.37905	1.2582	0.0012973
0.37948	1.2535	0.0013008
0.37992	1.2484	0.0013111
0.38035	1.2438	0.0013210
0.38079	1.2385	0.0013543
0.38122	1.2332	0.0014921
0.38166	1.2291	0.0013657
0.38209	1.2248	0.0012717
0.38253	1.2202	0.0012702
0.38296	1.2159	0.0012730
0.38340	1.2126	0.0012752
0.38383	1.2081	0.0012764
0.38427	1.2029	0.0012708
0.38470	1.1988	0.0012672
0.38514	1.1947	0.0012703
0.38557	1.1903	0.0012765
0.38600	1.1860	0.0012913
0.38644	1.1815	0.0013095
0.38687	1.1770	0.0013677
0.38731	1.1729	0.0012550
0.38774	1.1682	0.0012560
0.38818	1.1632	0.0012592
0.38861	1.1587	0.0012598
0.38905	1.1545	0.0012687
0.38948	1.1503	0.0012876
0.38992	1.1468	0.0013460
0.39035	1.1427	0.0012388
0.39078	1.1378	0.0012421
0.39122	1.1333	0.0012460
0.39165	1.1298	0.0012577
0.39209	1.1256	0.0012956
0.39252	1.1212	0.0012237
0.39296	1.1178	0.0012221
0.39339	1.1139	0.0012212
0.39383	1.1091	0.0012192
0.39426	1.1045	0.0012181
0.39469	1.1010	0.0012185
0.39513	1.0978	0.0012192
0.39556	1.0944	0.0012196
0.39600	1.0901	0.0012200
0.39643	1.0867	0.0012251
0.39687	1.0827	0.0012314
0.39730	1.0791	0.0012437
0.39774	1.0714	0.0012700
0.39817	1.0635	0.0013003
0.39860	1.0675	0.0014045
0.39904	1.0645	0.0011951
0.39947	1.0604	0.0011931
0.39991	1.0559	0.0011915
0.40034	1.0524	0.0011900
0.40077	1.0491	0.0011890
0.40121	1.0455	0.0011876
0.40164	1.0418	0.0011870
0.40208	1.0384	0.0011885
0.40251	1.0351	0.0011993
0.40295	1.0306	0.0012309
0.40338	1.0261	0.0012397
0.40381	1.0221	0.0012219
0.40425	1.0189	0.0012094
0.40468	1.0155	0.0012461
0.40512	1.0118	0.0013014
0.40555	1.0084	0.0011796
0.40598	1.0047	0.0011828
0.40642	1.0009	0.0011890
0.40685	0.99749	0.0012054
0.40729	0.99372	0.0012186
0.40772	0.99031	0.0012941
0.40816	0.98646	0.0011576
0.40859	0.98310	0.0011580
0.40902	0.98022	0.0011586
0.40946	0.97714	0.0011596
0.40989	0.97425	0.0011626
0.41033	0.97087	0.0011682
0.41076	0.96679	0.0011804
0.41119	0.96313	0.0012634
0.41163	0.95968	0.0011431
0.41206	0.95658	0.0011420
0.41250	0.95333	0.0011413
0.41293	0.95024	0.0011405
0.41336	0.94699	0.0011391
0.41380	0.94392	0.0011391
0.41423	0.94119	0.0011404
0.41467	0.93740	0.0011429
0.41510	0.93388	0.0011433
0.41553	0.93111	0.0011479
0.41597	0.92905	0.0011565
0.41640	0.92595	0.0011745
0.41683	0.92209	0.0011865
0.41727	0.91890	0.0012482
0.41770	0.91568	0.0011483
0.41814	0.91261	0.0011725
0.41857	0.90935	0.0012781
0.41900	0.90653	0.0012830
0.41944	0.90328	0.0011131
0.41987	0.90062	0.0011110
0.42031	0.89763	0.0011092
0.42074	0.89462	0.0011077
0.42117	0.89133	0.0011068
0.42161	0.88751	0.0011053
0.42204	0.88443	0.0011048
0.42247	0.88139	0.0011049
0.42291	0.87833	0.0011058
0.42334	0.87636	0.0011069
0.42378	0.87435	0.0011098
0.42421	0.87109	0.0011139
0.42464	0.86833	0.0011195
0.42508	0.86597	0.0011317
0.42551	0.86241	0.0011571
0.42594	0.85886	0.0012410
0.42638	0.85491	0.0012403
0.42681	0.85378	0.0011295
0.42724	0.85126	0.0011836
0.42768	0.84811	0.0012336
0.42811	0.84517	0.0010790
0.42855	0.84219	0.0014772
0.42898	0.83939	0.0013356
0.42941	0.83674	0.0011983
0.42985	0.83364	0.0012216
0.43028	0.83000	0.0011824
0.43071	0.82687	0.0012104
0.43115	0.82494	0.0013574
0.43158	0.82284	0.0012608
0.43201	0.81935	0.0013131
0.43245	0.81644	0.0012470
0.43288	0.81425	0.0012833
0.43331	0.81188	0.0013125
0.43375	0.80999	0.0012806
0.43418	0.80683	0.0015145
0.43461	0.80332	0.0012446
0.43505	0.80081	0.0013202
0.43548	0.79819	0.0012613
0.43591	0.79608	0.0012842
0.43635	0.79386	0.0013759
0.43678	0.79087	0.0015359
0.43722	0.78807	0.0013145
0.43765	0.78535	0.0013704
0.43808	0.78271	0.0015204
0.43852	0.78072	0.0015206
0.43895	0.77851	0.0013008
0.43938	0.77520	0.0013357
0.43982	0.77194	0.0014754
0.44025	0.76870	0.0013188
0.44068	0.76670	0.0013430
0.44112	0.76492	0.0013917
0.44155	0.76172	0.0015518
0.44198	0.75870	0.0017105
0.44241	0.75738	0.0015555
0.44285	0.75568	0.0013401
0.44328	0.75313	0.0014011
0.44371	0.74986	0.0015013
0.44415	0.74726	0.0016898
0.44458	0.74580	0.0013540
0.44501	0.74327	0.0013771
0.44545	0.74087	0.0014550
0.44588	0.73920	0.0018816
0.44631	0.73691	0.0013874
0.44675	0.73433	0.0014127
0.44718	0.73156	0.0014480
0.44761	0.72954	0.0015055
0.44805	0.72764	0.0017849
0.44848	0.72568	0.0014908
0.44891	0.72302	0.0015185
0.44935	0.72012	0.0015779
0.44978	0.71777	0.0017358
0.45021	0.71577	0.0019883
0.45064	0.71377	0.0019692
0.45108	0.71082	0.0017091
0.45151	0.70881	0.0014282
0.45194	0.70657	0.0014449
0.45238	0.70587	0.0014886
0.45281	0.70427	0.0016546
0.45324	0.70272	0.0018787
0.45368	0.69960	0.0018337
0.45411	0.69683	0.0014812
0.45454	0.69543	0.0014924
0.45497	0.69469	0.0015180
0.45541	0.69274	0.0016026
0.45584	0.69044	0.0018880
0.45627	0.68834	0.0015854
0.45671	0.68631	0.0020312
0.45714	0.68454	0.0015420
0.45757	0.68217	0.0015754
0.45800	0.68029	0.0016259
0.45844	0.67808	0.0016930
0.45887	0.67514	0.0018270
0.45930	0.67384	0.0017381
0.45974	0.67239	0.0023301
0.46017	0.67129	0.0016361
0.46060	0.67031	0.0023086
0.46103	0.66908	0.0017412
0.46147	0.66679	0.0018724
0.46190	0.66508	0.0021953
0.46233	0.66362	0.0020243
0.46277	0.66024	0.0017299
0.46320	0.65720	0.0016001
0.46363	0.65432	0.0016184
0.46406	0.65184	0.0016365
0.46450	0.65022	0.0016946
0.46493	0.64839	0.0019168
0.46536	0.64608	0.0019555
0.46579	0.64469	0.0017252
0.46623	0.64377	0.0018469
0.46666	0.64195	0.0017031
0.46709	0.64017	0.0017354
0.46752	0.63906	0.0017604
0.46796	0.63648	0.0018309
0.46839	0.63445	0.0021127
0.46882	0.63381	0.0022120
0.46925	0.63237	0.0021099
0.46969	0.63066	0.0027889
0.47012	0.62856	0.0023277
0.47055	0.62759	0.0017705
0.47099	0.62584	0.0018103
0.47142	0.62436	0.0018617
0.47185	0.62306	0.0019663
0.47228	0.62196	0.0026594
0.47271	0.62096	0.0028440
0.47315	0.61770	0.0020354
0.47358	0.61491	0.0025850
0.47401	0.61226	0.0020096
0.47444	0.60894	0.0021770
0.47488	0.60681	0.0020102
0.47531	0.60560	0.0020961
0.47574	0.60430	0.0022297
0.47617	0.60245	0.0026812
0.47661	0.60136	0.0033171
0.47704	0.59678	0.0024425
0.47747	0.59364	0.0027400
0.47790	0.59168	0.0026240
0.47834	0.59004	0.0031727
0.47877	0.58938	0.0023373
0.47920	0.58819	0.0023402
0.47963	0.58751	0.0025485
0.48006	0.58728	0.0029942
0.48050	0.58609	0.0048103
0.48093	0.58308	0.0023198
0.48136	0.58152	0.0023481
0.48179	0.57859	0.0023742
0.48223	0.57728	0.0024088
0.48266	0.57695	0.0024490
0.48309	0.57521	0.0024938
0.48352	0.57323	0.0025753
0.48395	0.57120	0.0027191
0.48439	0.56957	0.0030804
0.48482	0.56833	0.0043768
0.48525	0.56580	0.0025791
0.48568	0.56537	0.0026352
0.48612	0.56406	0.0027124
0.48655	0.56333	0.0028302
0.48698	0.56091	0.0028911
0.48741	0.55822	0.0030701
0.48784	0.55651	0.0033655
0.48828	0.55610	0.0041915
0.48871	0.55346	0.0051179
0.48914	0.55141	0.0039485
0.48957	0.55149	0.0048449
0.49000	0.54845	0.0026383
0.49044	0.54643	0.0027615
0.49087	0.54825	0.0037101
0.49130	0.54605	0.0028888
0.49173	0.54327	0.0029584
0.49216	0.54216	0.0030859
0.49260	0.54008	0.0033716
0.49303	0.53937	0.0047203
0.49346	0.53784	0.0072990
0.49389	0.53531	0.0051996
0.49432	0.53611	0.0064272
0.49475	0.53497	0.0037481
0.49519	0.53247	0.0049933
0.49562	0.53348	0.0037950
0.49605	0.53057	0.0039325
0.49648	0.52845	0.0042125
0.49691	0.52992	0.0044661
0.49735	0.52995	0.0053819
0.49778	0.52709	0.0055493
0.49821	0.52841	0.0063874
0.49864	0.52772	0.0077382
0.49907	0.52934	0.012046
0.49950	0.52443	0.015549
0.49994	0.52344	0.0079175
0.50037	0.52125	0.0088999
0.50080	0.52175	0.014342
0.50123	0.52040	0.028933
0.50166	0.51914	0.043350
