B	C	D	E	F	G
0.012570	5.5430	0.077390	0.0028600	0.012870	1.0000
0.014240	5.5980	0.022810	0.0028660	0.014510	1.0000
0.015920	5.5130	0.025690	0.0028760	0.016160	1.0000
0.017590	5.4820	0.023820	0.0028890	0.017810	1.0000
0.019270	5.3880	0.020690	0.0029040	0.019470	1.0000
0.020940	5.3440	0.019490	0.0029210	0.021130	1.0000
0.022620	5.3000	0.018600	0.0029400	0.022790	1.0000
0.024290	5.2460	0.016810	0.0029610	0.024450	1.0000
0.025970	5.1970	0.016400	0.0029830	0.026120	1.0000
0.027640	5.1680	0.014960	0.0030070	0.027780	1.0000
0.029320	5.1170	0.013810	0.0030330	0.029450	1.0000
0.030990	5.0480	0.014980	0.0030600	0.031120	1.0000
0.032660	5.0270	0.016270	0.0030880	0.032780	1.0000
0.034340	5.0210	0.013800	0.0031180	0.034450	1.0000
0.036010	4.9370	0.014040	0.0031480	0.036120	1.0000
0.037690	4.9260	0.016930	0.0031800	0.037790	1.0000
0.039360	4.8820	0.014020	0.0032140	0.039460	1.0000
0.041030	4.8590	0.013780	0.0032480	0.041130	1.0000
0.042700	4.8540	0.014340	0.0032830	0.042790	1.0000
0.044380	4.8350	0.011510	0.0033200	0.044460	1.0000
0.046050	4.8010	0.012610	0.0033570	0.046130	1.0000
0.047720	4.7810	0.011090	0.0033960	0.047800	1.0000
0.049390	4.7830	0.011710	0.0034350	0.049470	1.0000
0.051060	4.7510	0.011560	0.0034750	0.051140	1.0000
0.052740	4.7210	0.011820	0.0035170	0.052810	1.0000
0.054410	4.7130	0.011730	0.0035580	0.054480	1.0000
0.056080	4.7060	0.010710	0.0036010	0.056140	1.0000
0.057750	4.7010	0.010310	0.0036450	0.057810	1.0000
0.059420	4.6850	0.010560	0.0036890	0.059480	1.0000
0.061090	4.6760	0.010950	0.0037340	0.061150	1.0000
0.062720	4.6350	0.010910	0.0051560	0.062870	1.0000
0.062750	4.6460	0.0099840	0.0037800	0.062820	1.0000
0.064420	4.6490	0.0096570	0.0038260	0.064480	1.0000
0.066090	4.6460	0.0099440	0.0038730	0.066150	1.0000
0.067760	4.6320	0.010180	0.0039200	0.067820	1.0000
0.068670	4.6180	0.0094330	0.0052790	0.068810	1.0000
0.069430	4.6330	0.0096580	0.0039690	0.069480	1.0000
0.071100	4.6080	0.0094490	0.0040170	0.071150	1.0000
0.072760	4.6100	0.0088760	0.0040660	0.072810	1.0000
0.074430	4.5850	0.0088100	0.0041160	0.074480	1.0000
0.074620	4.5750	0.0090990	0.0054100	0.074750	1.0000
0.076090	4.5760	0.0093310	0.0041670	0.076140	1.0000
0.077760	4.5760	0.0085660	0.0042170	0.077810	1.0000
0.079420	4.5380	0.0088210	0.0042680	0.079470	1.0000
0.080560	4.5130	0.011160	0.0055490	0.080690	1.0000
0.081090	4.5180	0.0082600	0.0043200	0.081140	1.0000
0.082750	4.5290	0.0088630	0.0043720	0.082800	1.0000
0.084420	4.5000	0.0088430	0.0044250	0.084460	1.0000
0.086080	4.4760	0.0080700	0.0044780	0.086130	1.0000
0.086500	4.4570	0.010730	0.0056940	0.086620	1.0000
0.087740	4.4550	0.0080820	0.0045310	0.087790	1.0000
0.089410	4.4230	0.0087510	0.0045850	0.089450	1.0000
0.091070	4.4130	0.0074810	0.0046390	0.091110	1.0000
0.092430	4.3840	0.011280	0.0058460	0.092540	1.0000
0.092730	4.3770	0.0078970	0.0046930	0.092770	1.0000
0.094390	4.3570	0.0086470	0.0047480	0.094430	1.0000
0.096050	4.3100	0.0072430	0.0048030	0.096090	1.0000
0.097710	4.2740	0.0076190	0.0048580	0.097750	1.0000
0.098360	4.2670	0.010090	0.0060030	0.098460	1.0000
0.099370	4.2580	0.0077060	0.0049130	0.099410	1.0000
0.10100	4.2030	0.0074260	0.0049690	0.10110	1.0000
0.10270	4.1660	0.0076690	0.0050250	0.10270	1.0000
0.10430	4.1290	0.0083220	0.0050820	0.10440	1.0000
0.10430	4.1430	0.011000	0.0061660	0.10440	1.0000
0.10600	4.0820	0.0083010	0.0051390	0.10600	1.0000
0.10770	4.0430	0.0083140	0.0051950	0.10770	1.0000
0.10930	3.9910	0.0085550	0.0052530	0.10930	1.0000
0.11020	3.9870	0.012430	0.0063330	0.11030	1.0000
0.11100	3.9340	0.0092810	0.0053100	0.11100	1.0000
0.11260	3.8900	0.0099970	0.0053670	0.11270	1.0000
0.11430	3.8400	0.0091610	0.0054250	0.11430	1.0000
0.11590	3.8150	0.010140	0.0054830	0.11600	1.0000
0.11610	3.8190	0.012210	0.0065050	0.11620	1.0000
0.11760	3.7680	0.010310	0.0055410	0.11760	1.0000
0.11920	3.6920	0.010890	0.0056000	0.11930	1.0000
0.12090	3.6570	0.0098370	0.0056580	0.12090	1.0000
0.12200	3.6260	0.012830	0.0066810	0.12210	1.0000
0.12250	3.5860	0.011730	0.0057170	0.12260	1.0000
0.12420	3.5560	0.013100	0.0057760	0.12420	1.0000
0.12580	3.4970	0.011740	0.0058350	0.12590	1.0000
0.12750	3.4490	0.012610	0.0058940	0.12750	1.0000
0.12790	3.4310	0.013070	0.0068610	0.12790	1.0000
0.12910	3.3950	0.012470	0.0059530	0.12920	1.0000
0.13080	3.3190	0.013670	0.0060120	0.13080	1.0000
0.13240	3.2750	0.013460	0.0060720	0.13240	1.0000
0.13370	3.2250	0.012310	0.0070430	0.13380	1.0000
0.13410	3.2220	0.015400	0.0061320	0.13410	1.0000
0.13570	3.1610	0.017760	0.0061910	0.13570	1.0000
0.13740	3.1410	0.017860	0.0062510	0.13740	1.0000
0.13900	3.0710	0.021670	0.0063110	0.13900	1.0000
0.13960	3.0570	0.012240	0.0072290	0.13970	1.0000
0.14550	2.8700	0.011560	0.0074170	0.14550	1.0000
0.15130	2.7010	0.010930	0.0076080	0.15140	1.0000
0.15720	2.5110	0.010640	0.0078010	0.15720	1.0000
0.16300	2.3440	0.0094290	0.0079960	0.16300	1.0000
0.16880	2.1790	0.0077700	0.0081930	0.16880	1.0000
0.17460	2.0350	0.0071430	0.0083920	0.17460	1.0000
0.18040	1.8860	0.0069750	0.0085920	0.18040	1.0000
0.18620	1.7450	0.0073570	0.0087930	0.18620	1.0000
0.19190	1.6210	0.0061830	0.0089960	0.19200	1.0000
0.19770	1.4920	0.0057420	0.0091990	0.19770	1.0000
0.20340	1.3830	0.0049700	0.0094040	0.20350	1.0000
0.20910	1.2820	0.0048450	0.0096090	0.20920	1.0000
0.21480	1.1840	0.0045040	0.0098150	0.21490	1.0000
0.22050	1.0990	0.0036900	0.010020	0.22060	1.0000
0.22620	1.0140	0.0037060	0.010230	0.22630	1.0000
0.23190	0.93890	0.0034720	0.010440	0.23190	1.0000
0.23750	0.87540	0.0030170	0.010640	0.23760	1.0000
0.24320	0.81130	0.0028260	0.010850	0.24320	1.0000
0.24880	0.75020	0.0025770	0.011060	0.24880	1.0000
0.25440	0.70160	0.0025170	0.011270	0.25440	1.0000
0.26000	0.65340	0.0022420	0.011480	0.26000	1.0000
0.26550	0.61070	0.0020440	0.011690	0.26560	1.0000
0.27110	0.56950	0.0018430	0.011900	0.27110	1.0000
0.27660	0.53080	0.0016190	0.012100	0.27660	1.0000
0.28210	0.49690	0.0016570	0.012310	0.28220	1.0000
0.28760	0.46710	0.0014300	0.012520	0.28760	1.0000
0.29310	0.43850	0.0015770	0.012730	0.29310	1.0000
0.29860	0.41070	0.0014390	0.012940	0.29860	1.0000
0.30400	0.38780	0.0013490	0.013140	0.30400	1.0000
0.30940	0.36480	0.0013010	0.013350	0.30940	1.0000
0.31480	0.34560	0.0012060	0.013560	0.31480	1.0000
0.32020	0.32910	0.0012520	0.013770	0.32020	1.0000
0.32560	0.31010	0.0011430	0.013970	0.32560	1.0000
0.33090	0.29510	0.0010370	0.014180	0.33090	1.0000
0.33620	0.27850	0.00098020	0.014380	0.33620	1.0000
0.34150	0.26570	0.00092240	0.014590	0.34150	1.0000
0.34680	0.25220	0.00092440	0.014790	0.34680	1.0000
0.35210	0.23970	0.00097080	0.015000	0.35210	1.0000
0.35730	0.22910	0.00096150	0.015200	0.35730	1.0000
0.36250	0.21820	0.0010760	0.015400	0.36250	1.0000
0.36770	0.20950	0.00087640	0.015610	0.36770	1.0000
0.37290	0.19820	0.00090730	0.015810	0.37290	1.0000
0.37800	0.19280	0.00087930	0.016010	0.37810	1.0000
0.38320	0.18250	0.00078680	0.016210	0.38320	1.0000
0.38830	0.17470	0.00091420	0.016410	0.38830	1.0000
0.39340	0.16900	0.00082200	0.016610	0.39340	1.0000
0.39840	0.16120	0.00079500	0.016810	0.39840	1.0000
0.40350	0.15740	0.00084920	0.017000	0.40350	1.0000
0.40850	0.15100	0.00080290	0.017200	0.40850	1.0000
0.41350	0.14360	0.00091100	0.017400	0.41350	1.0000
0.41850	0.13850	0.00084770	0.017590	0.41850	1.0000
0.42340	0.13260	0.00081240	0.017790	0.42340	1.0000
0.42830	0.12830	0.00079160	0.017980	0.42840	1.0000
0.43320	0.12420	0.00079810	0.018170	0.43330	1.0000
0.43810	0.11880	0.00067940	0.018370	0.43810	1.0000
0.44300	0.11590	0.00081520	0.018560	0.44300	1.0000
0.44780	0.11010	0.00080780	0.018750	0.44780	1.0000
0.45260	0.10800	0.00075460	0.018940	0.45260	1.0000
0.45740	0.10480	0.00078040	0.019130	0.45740	1.0000
0.46220	0.10080	0.00072750	0.019320	0.46220	1.0000
0.46690	0.097250	0.00073820	0.019510	0.46690	1.0000
0.47160	0.095470	0.00072130	0.019690	0.47170	1.0000
0.47630	0.092820	0.00070800	0.019880	0.47630	1.0000
0.48100	0.089080	0.00064350	0.020060	0.48100	1.0000
0.48560	0.087200	0.00076290	0.020250	0.48570	1.0000
0.49030	0.084320	0.00073650	0.020430	0.49030	1.0000
0.49490	0.082360	0.00067580	0.020610	0.49490	1.0000
0.49940	0.080430	0.00068720	0.020790	0.49950	1.0000
0.50400	0.076500	0.00069350	0.020980	0.50400	1.0000
0.50850	0.075940	0.00077390	0.021160	0.50850	1.0000
0.51300	0.073160	0.00067140	0.021330	0.51300	1.0000
0.51750	0.070740	0.00065380	0.021510	0.51750	1.0000
0.52200	0.069430	0.00063520	0.021690	0.52200	1.0000
0.52640	0.067500	0.00068490	0.021870	0.52640	1.0000
0.53080	0.066000	0.00073650	0.022040	0.53080	1.0000
0.53520	0.064780	0.00067340	0.022220	0.53520	1.0000
0.53950	0.064160	0.00060500	0.022390	0.53960	1.0000
0.54390	0.062250	0.00071750	0.022560	0.54390	1.0000
0.54820	0.059830	0.00062810	0.022730	0.54820	1.0000
0.55250	0.059250	0.00055580	0.022910	0.55250	1.0000
0.55670	0.058480	0.00057390	0.023080	0.55680	1.0000
0.56100	0.057110	0.00068180	0.023240	0.56100	1.0000
0.56520	0.055670	0.00060640	0.023410	0.56520	1.0000
0.56940	0.054550	0.00058260	0.023580	0.56940	1.0000
0.57360	0.054150	0.00067040	0.023750	0.57360	1.0000
0.57770	0.051920	0.00061870	0.023910	0.57770	1.0000
0.58180	0.052780	0.00061230	0.024080	0.58180	1.0000
0.58590	0.050520	0.00066300	0.024240	0.58590	1.0000
0.59000	0.049670	0.00061500	0.024400	0.59000	1.0000
0.59400	0.049370	0.00061510	0.024570	0.59410	1.0000
0.59810	0.049770	0.00060360	0.024730	0.59810	1.0000
0.60210	0.048790	0.00069050	0.024890	0.60210	1.0000
0.60610	0.049290	0.00087280	0.025050	0.60610	1.0000
0.61000	0.047390	0.00078370	0.025200	0.61000	1.0000
0.61390	0.046470	0.00082130	0.025360	0.61400	1.0000
0.61790	0.045410	0.0010110	0.025520	0.61790	1.0000
0.62170	0.044190	0.00092010	0.025670	0.62180	1.0000
0.62560	0.043760	0.00097140	0.025830	0.62560	1.0000
0.62950	0.044690	0.0011300	0.025980	0.62950	1.0000
0.63330	0.041640	0.0012770	0.026140	0.63330	1.0000
0.63710	0.045550	0.0013710	0.026290	0.63710	1.0000
0.64080	0.042080	0.0013400	0.026440	0.64080	1.0000
0.64460	0.040430	0.0014410	0.026590	0.64460	1.0000
0.64830	0.036540	0.0019150	0.026740	0.64830	1.0000
0.65200	0.040050	0.0016630	0.026890	0.65200	1.0000
0.65570	0.041920	0.0042210	0.027040	0.65570	1.0000
