B	C	D	E	F	G
0.0075420	5.8290	0.10380	0.0017170	0.0077260	1.0000
0.0085470	5.6180	0.045560	0.0017200	0.0087100	1.0000
0.0095530	5.4940	0.041190	0.0017260	0.0096980	1.0000
0.010560	5.4270	0.041920	0.0017340	0.010690	1.0000
0.011560	5.3860	0.040620	0.0017430	0.011680	1.0000
0.012570	5.2610	0.035710	0.0017530	0.012680	1.0000
0.013570	5.3120	0.034430	0.0017640	0.013680	1.0000
0.014580	5.1360	0.032090	0.0017770	0.014670	1.0000
0.015580	5.0920	0.034350	0.0017900	0.015670	1.0000
0.016590	5.0700	0.029100	0.0018050	0.016670	1.0000
0.017590	5.1170	0.025740	0.0018200	0.017670	1.0000
0.018600	5.0120	0.027020	0.0018360	0.018670	1.0000
0.019600	5.0060	0.025320	0.0018530	0.019670	1.0000
0.020610	4.9580	0.028640	0.0018710	0.020670	1.0000
0.021610	4.9750	0.027090	0.0018900	0.021680	1.0000
0.022620	4.9120	0.027170	0.0019090	0.022680	1.0000
0.023620	4.8420	0.026210	0.0019290	0.023680	1.0000
0.024620	4.7560	0.022750	0.0019490	0.024680	1.0000
0.025630	4.7880	0.024200	0.0019710	0.025680	1.0000
0.026630	4.7680	0.021100	0.0019920	0.026680	1.0000
0.027640	4.7580	0.021370	0.0020150	0.027690	1.0000
0.028640	4.7200	0.022410	0.0020380	0.028690	1.0000
0.029640	4.7030	0.022580	0.0020620	0.029690	1.0000
0.030650	4.6990	0.021290	0.0020860	0.030690	1.0000
0.031650	4.6490	0.022900	0.0021100	0.031690	1.0000
0.032650	4.5780	0.019550	0.0021360	0.032690	1.0000
0.033650	4.5990	0.020950	0.0021610	0.033690	1.0000
0.034660	4.5950	0.021030	0.0021870	0.034700	1.0000
0.035660	4.5330	0.019590	0.0022140	0.035700	1.0000
0.036660	4.5160	0.018190	0.0022410	0.036700	1.0000
0.037610	4.5260	0.016390	0.0030920	0.037710	1.0000
0.037660	4.5070	0.018990	0.0022680	0.037700	1.0000
0.038660	4.5260	0.019390	0.0022960	0.038700	1.0000
0.039660	4.5270	0.019320	0.0023240	0.039700	1.0000
0.040670	4.4880	0.017210	0.0023530	0.040700	1.0000
0.041190	4.4650	0.015070	0.0031660	0.041270	1.0000
0.041670	4.4810	0.018650	0.0023820	0.041700	1.0000
0.042670	4.4520	0.017470	0.0024110	0.042700	1.0000
0.043670	4.4210	0.017230	0.0024400	0.043700	1.0000
0.044670	4.4230	0.015770	0.0024700	0.044700	1.0000
0.044750	4.4370	0.013000	0.0032450	0.044830	1.0000
0.045670	4.4200	0.016160	0.0025010	0.045700	1.0000
0.046670	4.4140	0.016920	0.0025310	0.046700	1.0000
0.047670	4.3760	0.014050	0.0025620	0.047690	1.0000
0.048320	4.3890	0.012560	0.0033280	0.048390	1.0000
0.048660	4.3910	0.015860	0.0025930	0.048690	1.0000
0.049660	4.3730	0.015670	0.0026240	0.049690	1.0000
0.050660	4.3860	0.016160	0.0026550	0.050690	1.0000
0.051660	4.3600	0.015000	0.0026870	0.051690	1.0000
0.051880	4.3770	0.013470	0.0034150	0.051950	1.0000
0.052660	4.3730	0.016100	0.0027190	0.052680	1.0000
0.053660	4.3550	0.015800	0.0027510	0.053680	1.0000
0.054650	4.3380	0.015390	0.0027840	0.054680	1.0000
0.055440	4.3570	0.013870	0.0035060	0.055500	1.0000
0.055650	4.3380	0.015000	0.0028160	0.055670	1.0000
0.056650	4.3670	0.014810	0.0028490	0.056670	1.0000
0.057640	4.3320	0.014040	0.0028820	0.057670	1.0000
0.058640	4.3390	0.015220	0.0029150	0.058660	1.0000
0.058990	4.3180	0.011450	0.0036010	0.059050	1.0000
0.059630	4.3300	0.014440	0.0029490	0.059660	1.0000
0.060630	4.3360	0.015290	0.0029820	0.060650	1.0000
0.061620	4.3090	0.014760	0.0030160	0.061650	1.0000
0.062540	4.3240	0.014490	0.0036980	0.062600	1.0000
0.062620	4.3390	0.015280	0.0030500	0.062640	1.0000
0.063610	4.3160	0.014850	0.0030840	0.063630	1.0000
0.064610	4.3250	0.015730	0.0031180	0.064630	1.0000
0.065600	4.2720	0.018020	0.0031520	0.065620	1.0000
0.066090	4.3260	0.012640	0.0037990	0.066140	1.0000
0.066590	4.2980	0.017170	0.0031870	0.066610	1.0000
0.067590	4.2990	0.017480	0.0032210	0.067610	1.0000
0.068580	4.2960	0.020750	0.0032560	0.068600	1.0000
0.069570	4.3090	0.020950	0.0032910	0.069590	1.0000
0.069630	4.2880	0.013570	0.0039020	0.069680	1.0000
0.070560	4.2500	0.021680	0.0033260	0.070580	1.0000
0.071550	4.2920	0.023720	0.0033610	0.071570	1.0000
0.072550	4.2700	0.024110	0.0033960	0.072560	1.0000
0.073160	4.2440	0.014140	0.0040070	0.073210	1.0000
0.073540	4.2750	0.022040	0.0034310	0.073550	1.0000
0.074530	4.2340	0.027690	0.0034660	0.074540	1.0000
0.075520	4.2720	0.028810	0.0035020	0.075530	1.0000
0.076500	4.2090	0.027760	0.0035370	0.076520	1.0000
0.076690	4.2300	0.014590	0.0041150	0.076740	1.0000
0.077490	4.2680	0.031210	0.0035730	0.077510	1.0000
0.078480	4.2590	0.026950	0.0036080	0.078500	1.0000
0.079470	4.2670	0.030950	0.0036440	0.079490	1.0000
0.080220	4.1890	0.016350	0.0042240	0.080260	1.0000
0.080460	4.1920	0.031070	0.0036800	0.080470	1.0000
0.081440	4.2560	0.036700	0.0037160	0.081460	1.0000
0.082430	4.2220	0.044980	0.0037520	0.082450	1.0000
0.083420	4.2070	0.048980	0.0037880	0.083430	1.0000
0.083740	4.1680	0.012990	0.0043360	0.083780	1.0000
0.087250	4.1600	0.014470	0.0044490	0.087290	1.0000
0.090760	4.1080	0.012170	0.0045630	0.090790	1.0000
0.094260	4.0440	0.013060	0.0046790	0.094290	1.0000
0.097750	4.0020	0.012830	0.0047960	0.097790	1.0000
0.10120	3.9440	0.012170	0.0049140	0.10130	1.0000
0.10470	3.8880	0.012320	0.0050330	0.10470	1.0000
0.10820	3.8120	0.011990	0.0051530	0.10820	1.0000
0.11170	3.7260	0.012670	0.0052740	0.11170	1.0000
0.11510	3.6480	0.011410	0.0053950	0.11510	1.0000
0.11860	3.5360	0.012240	0.0055170	0.11860	1.0000
0.12200	3.4550	0.011090	0.0056400	0.12200	1.0000
0.12540	3.3690	0.010360	0.0057630	0.12550	1.0000
0.12890	3.2670	0.010170	0.0058870	0.12890	1.0000
0.13230	3.1610	0.0099680	0.0060110	0.13230	1.0000
0.13570	3.0480	0.010370	0.0061350	0.13570	1.0000
0.13910	2.9600	0.0090540	0.0062590	0.13910	1.0000
0.14250	2.8540	0.0076660	0.0063840	0.14250	1.0000
0.14580	2.7610	0.0086870	0.0065090	0.14590	1.0000
0.14920	2.6670	0.0080580	0.0066340	0.14920	1.0000
0.15260	2.5700	0.0082890	0.0067590	0.15260	1.0000
0.15590	2.4670	0.0080390	0.0068840	0.15590	1.0000
0.15930	2.3820	0.0074350	0.0070090	0.15930	1.0000
0.16260	2.2960	0.0072810	0.0071350	0.16260	1.0000
0.16590	2.2100	0.0068260	0.0072600	0.16590	1.0000
0.16920	2.1120	0.0067820	0.0073850	0.16920	1.0000
0.17250	2.0290	0.0064090	0.0075100	0.17250	1.0000
0.17580	1.9520	0.0064160	0.0076350	0.17580	1.0000
0.17910	1.8670	0.0063040	0.0077590	0.17910	1.0000
0.18230	1.7990	0.0063280	0.0078840	0.18230	1.0000
0.18560	1.7180	0.0051620	0.0080080	0.18560	1.0000
0.18880	1.6530	0.0057070	0.0081330	0.18880	1.0000
0.19200	1.5920	0.0057250	0.0082570	0.19210	1.0000
0.19530	1.5270	0.0055060	0.0083800	0.19530	1.0000
0.19850	1.4600	0.0055370	0.0085040	0.19850	1.0000
0.20170	1.3970	0.0050790	0.0086270	0.20170	1.0000
0.20480	1.3460	0.0054100	0.0087500	0.20480	1.0000
0.20800	1.2980	0.0048210	0.0088730	0.20800	1.0000
0.21120	1.2440	0.0046320	0.0089950	0.21120	1.0000
0.21430	1.2020	0.0046520	0.0091170	0.21430	1.0000
0.21740	1.1620	0.0051460	0.0092390	0.21740	1.0000
0.22050	1.1150	0.0045270	0.0093600	0.22060	1.0000
0.22360	1.0690	0.0050450	0.0094810	0.22370	1.0000
0.22670	1.0270	0.0043190	0.0096010	0.22670	1.0000
0.22980	0.98960	0.0047090	0.0097220	0.22980	1.0000
0.23290	0.95290	0.0053290	0.0098410	0.23290	1.0000
0.23590	0.91530	0.0043740	0.0099610	0.23590	1.0000
0.23900	0.88720	0.0048380	0.010080	0.23900	1.0000
0.24200	0.84750	0.0040030	0.010200	0.24200	1.0000
0.24500	0.83260	0.0050330	0.010320	0.24500	1.0000
0.24800	0.78700	0.0044530	0.010430	0.24800	1.0000
0.25100	0.76690	0.0040810	0.010550	0.25100	1.0000
0.25390	0.73650	0.0042500	0.010670	0.25400	1.0000
0.25690	0.71770	0.0040480	0.010780	0.25690	1.0000
0.25980	0.69310	0.0040610	0.010900	0.25990	1.0000
0.26280	0.67000	0.0036530	0.011020	0.26280	1.0000
0.26570	0.65340	0.0039850	0.011130	0.26570	1.0000
0.26860	0.62600	0.0037750	0.011250	0.26860	1.0000
0.27150	0.60090	0.0039200	0.011360	0.27150	1.0000
0.27430	0.58350	0.0041900	0.011470	0.27440	1.0000
0.27720	0.56960	0.0040370	0.011590	0.27720	1.0000
0.28000	0.55020	0.0036860	0.011700	0.28010	1.0000
0.28290	0.53050	0.0038590	0.011810	0.28290	1.0000
0.28570	0.51230	0.0032640	0.011920	0.28570	1.0000
0.28850	0.49650	0.0033070	0.012030	0.28850	1.0000
0.29130	0.48730	0.0037570	0.012140	0.29130	1.0000
0.29400	0.47210	0.0035410	0.012250	0.29410	1.0000
0.29680	0.46300	0.0034580	0.012360	0.29680	1.0000
0.29960	0.44610	0.0035570	0.012470	0.29960	1.0000
0.30230	0.43670	0.0031810	0.012580	0.30230	1.0000
0.30500	0.42500	0.0034390	0.012690	0.30500	1.0000
0.30770	0.41510	0.0035590	0.012800	0.30770	1.0000
0.31040	0.39600	0.0029600	0.012900	0.31040	1.0000
0.31310	0.38960	0.0029520	0.013010	0.31310	1.0000
0.31570	0.38260	0.0033640	0.013110	0.31570	1.0000
0.31840	0.36930	0.0032010	0.013220	0.31840	1.0000
0.32100	0.36320	0.0029570	0.013320	0.32100	1.0000
0.32360	0.35390	0.0027330	0.013430	0.32360	1.0000
0.32620	0.34220	0.0027610	0.013530	0.32620	1.0000
0.32880	0.33390	0.0030490	0.013640	0.32880	1.0000
0.33140	0.32720	0.0031190	0.013740	0.33140	1.0000
0.33390	0.31960	0.0029420	0.013840	0.33390	1.0000
0.33650	0.31130	0.0028950	0.013940	0.33650	1.0000
0.33900	0.30610	0.0028380	0.014040	0.33900	1.0000
0.34150	0.30150	0.0030470	0.014140	0.34150	1.0000
0.34400	0.29010	0.0028500	0.014240	0.34400	1.0000
0.34650	0.28870	0.0028140	0.014340	0.34650	1.0000
0.34900	0.28190	0.0026390	0.014440	0.34900	1.0000
0.35140	0.26940	0.0028980	0.014540	0.35140	1.0000
0.35390	0.27500	0.0026300	0.014640	0.35390	1.0000
0.35630	0.26350	0.0025760	0.014730	0.35630	1.0000
0.35870	0.25840	0.0028900	0.014830	0.35870	1.0000
0.36110	0.25210	0.0032250	0.014930	0.36110	1.0000
0.36350	0.24710	0.0038300	0.015020	0.36350	1.0000
0.36590	0.23530	0.0036330	0.015120	0.36590	1.0000
0.36820	0.23300	0.0037200	0.015210	0.36820	1.0000
0.37060	0.22970	0.0044420	0.015310	0.37060	1.0000
0.37290	0.22310	0.0044620	0.015400	0.37290	1.0000
0.37520	0.22550	0.0046320	0.015490	0.37520	1.0000
0.37750	0.22250	0.0046600	0.015580	0.37750	1.0000
0.37980	0.21150	0.0058230	0.015680	0.37980	1.0000
0.38210	0.21190	0.0055190	0.015770	0.38210	1.0000
0.38440	0.21110	0.0049000	0.015860	0.38440	1.0000
0.38660	0.19990	0.0073070	0.015950	0.38660	1.0000
0.38880	0.20790	0.0081760	0.016040	0.38880	1.0000
0.39110	0.21640	0.010780	0.016130	0.39110	1.0000
0.39330	0.23250	0.019330	0.016220	0.39330	1.0000
